G3dErrFileVersion 2018P3.1
FlagFileMetaData Begin
   Mesh Size - Setup1, Refinement, Pass #1, Freq. 5.000000e+09 :Title    
   Listing of mesh elements with small segments. :ToolTip  
   hf3d :Author   
   1701708763 :TimeStamp
FlagFileMetaData End
BEGIN_ERR 
26 Small mesh segment detected on body : Radiation_box
 Small mesh segment detected on body : Radiation_box 
 Segment Statistics - Number of Segments : 1 --- Segment length(s) : 0.548293mm. The cutoff frequency for S-Matrix Only Solve is 3.25861367391304MHz 
3 -1  38  196  # nfids, fids[]
2 198  -1  # nbids, bids[]
      6 4 1 0 #ntets ntri ned npts
           9.1848509936051632e-17   1.0875000000000002e+01   1.2000000000000004e+00 #xyz tv0
           3.1234683184623396e-16   1.1250000000000000e+01   1.6000000000000001e+00 #xyz tv1
          -5.4545380563446972e+00   1.0045484323212595e+01   1.9690741228141468e+00 #xyz tv2
           1.8369701987210326e-16   1.1250000000000000e+01   8.0000000000000071e-01 -1 198 #xyz tv3 fid bid
           9.1848509936051632e-17   1.0875000000000002e+01   1.2000000000000004e+00 #xyz tv0
          -5.4545380563446972e+00   1.0045484323212595e+01   1.9690741228141468e+00 #xyz tv1
          -1.0000000000000000e+01  -4.0000000000000000e+00   1.7847226988524199e+00 #xyz tv2
           1.8369701987210326e-16   1.1250000000000000e+01   8.0000000000000071e-01 -1 198 #xyz tv3 fid bid
           9.1848509936051632e-17   1.0875000000000002e+01   1.2000000000000004e+00 #xyz tv0
           1.8369701987210326e-16   1.1250000000000000e+01   8.0000000000000071e-01 #xyz tv1
           6.7675709724426303e-01   1.1250000000000000e+01   1.6000000000000001e+00 #xyz tv2
           3.1234683184623396e-16   1.1250000000000000e+01   1.6000000000000001e+00 -1 198 #xyz tv3 fid bid
           9.1848509936051632e-17   1.0875000000000002e+01   1.2000000000000004e+00 #xyz tv0
          -1.0000000000000000e+01  -4.0000000000000000e+00   1.7847226988524199e+00 #xyz tv1
           2.7554552980815492e-16   1.0500000000000000e+01   9.9920072216264128e-16 #xyz tv2
           1.8369701987210326e-16   1.1250000000000000e+01   8.0000000000000071e-01 -1 198 #xyz tv3 fid bid
           9.1848509936051632e-17   1.0875000000000002e+01   1.2000000000000004e+00 #xyz tv0
           6.7675709724426303e-01   1.1250000000000000e+01   1.6000000000000001e+00 #xyz tv1
           1.8369701987210326e-16   1.1250000000000000e+01   8.0000000000000071e-01 #xyz tv2
           1.3535141944885254e+00   1.0500000000000000e+01   1.6000000000000001e+00 -1 198 #xyz tv3 fid bid
           9.1848509936051632e-17   1.0875000000000002e+01   1.2000000000000004e+00 #xyz tv0
           2.7554552980815492e-16   1.0500000000000000e+01   9.9920072216264128e-16 #xyz tv1
           1.3535141944885254e+00   1.0500000000000000e+01   1.6000000000000001e+00 #xyz tv2
           1.8369701987210326e-16   1.1250000000000000e+01   8.0000000000000071e-01 -1 198 #xyz tv3 fid bid
           9.1848509936051632e-17   1.0875000000000002e+01   1.2000000000000004e+00 #xyz tv0
           1.8369701987210326e-16   1.1250000000000000e+01   8.0000000000000071e-01 #xyz tv1
           2.7554552980815492e-16   1.0500000000000000e+01   9.9920072216264128e-16 38 -1 #xyz tv2 fid bid
           9.1848509936051632e-17   1.0875000000000002e+01   1.2000000000000004e+00 #xyz tv0
           1.8369701987210326e-16   1.1250000000000000e+01   8.0000000000000071e-01 #xyz tv1
           2.7554552980815492e-16   1.0500000000000000e+01   9.9920072216264128e-16 196 -1 #xyz tv2 fid bid
           9.1848509936051632e-17   1.0875000000000002e+01   1.2000000000000004e+00 #xyz tv0
           3.1234683184623396e-16   1.1250000000000000e+01   1.6000000000000001e+00 #xyz tv1
           1.8369701987210326e-16   1.1250000000000000e+01   8.0000000000000071e-01 38 -1 #xyz tv2 fid bid
           9.1848509936051632e-17   1.0875000000000002e+01   1.2000000000000004e+00 #xyz tv0
           3.1234683184623396e-16   1.1250000000000000e+01   1.6000000000000001e+00 #xyz tv1
           1.8369701987210326e-16   1.1250000000000000e+01   8.0000000000000071e-01 196 -1 #xyz tv2 fid bid
           9.1848509936051632e-17   1.0875000000000002e+01   1.2000000000000004e+00 #xyz ev0
           1.8369701987210326e-16   1.1250000000000000e+01   8.0000000000000071e-01 -1 198 #xyz ev1 fid bid
   0   0.000000000000e+00   0.000000000000e+00   0.000000000000e+00 #flag location
END_ERR 
G3dErrFileVersion 2018P3.1
FlagFileMetaData Begin
   Mesh Size - Setup1, Refinement, Pass #2, Freq. 5.000000e+09 :Title    
   Listing of mesh elements with small segments. :ToolTip  
   hf3d :Author   
   1701708766 :TimeStamp
FlagFileMetaData End
BEGIN_ERR 
26 Small mesh segment detected on body : Radiation_box
 Small mesh segment detected on body : Radiation_box 
 Segment Statistics - Number of Segments : 1 --- Segment length(s) : 0.480440mm. The cutoff frequency for S-Matrix Only Solve is 3.25861367391304MHz 
3 -1  38  196  # nfids, fids[]
2 198  -1  # nbids, bids[]
      5 4 1 0 #ntets ntri ned npts
          -4.2272690281723486e+00   1.0966492161606297e+01   2.0066471770056507e+00 #xyz tv0
           2.7554552980815492e-16   1.0500000000000000e+01   9.9920072216264148e-16 #xyz tv1
           1.7895064141989866e-16   1.0882681391460906e+01   1.0663395747599456e+00 #xyz tv2
           3.1447123475111254e-16   1.1310975570130314e+01   8.4865363968907248e-01 -1 198 #xyz tv3 fid bid
           1.7895064141989866e-16   1.0882681391460906e+01   1.0663395747599456e+00 #xyz tv0
           2.7554552980815492e-16   1.0500000000000000e+01   9.9920072216264148e-16 #xyz tv1
           1.4827290549874306e+00   1.0500000000000000e+01   1.6000000000000001e+00 #xyz tv2
           3.1447123475111254e-16   1.1310975570130314e+01   8.4865363968907248e-01 -1 198 #xyz tv3 fid bid
           1.7895064141989866e-16   1.0882681391460906e+01   1.0663395747599456e+00 #xyz tv0
           3.1234683184623396e-16   1.1250000000000000e+01   1.6000000000000001e+00 #xyz tv1
          -4.2272690281723486e+00   1.0966492161606297e+01   2.0066471770056507e+00 #xyz tv2
           3.1447123475111254e-16   1.1310975570130314e+01   8.4865363968907248e-01 -1 198 #xyz tv3 fid bid
           1.7895064141989866e-16   1.0882681391460906e+01   1.0663395747599456e+00 #xyz tv0
           1.3581072682056421e+00   1.1560597075438860e+01   1.6000000000000001e+00 #xyz tv1
           3.1447123475111254e-16   1.1310975570130314e+01   8.4865363968907248e-01 #xyz tv2
           1.4827290549874306e+00   1.0500000000000000e+01   1.6000000000000001e+00 -1 198 #xyz tv3 fid bid
           1.7895064141989866e-16   1.0882681391460906e+01   1.0663395747599456e+00 #xyz tv0
           3.1447123475111254e-16   1.1310975570130314e+01   8.4865363968907248e-01 #xyz tv1
           1.3581072682056421e+00   1.1560597075438860e+01   1.6000000000000001e+00 #xyz tv2
           3.1234683184623396e-16   1.1250000000000000e+01   1.6000000000000001e+00 -1 198 #xyz tv3 fid bid
           1.7895064141989866e-16   1.0882681391460906e+01   1.0663395747599456e+00 #xyz tv0
           3.1447123475111254e-16   1.1310975570130314e+01   8.4865363968907248e-01 #xyz tv1
           2.7554552980815492e-16   1.0500000000000000e+01   9.9920072216264148e-16 38 -1 #xyz tv2 fid bid
           1.7895064141989866e-16   1.0882681391460906e+01   1.0663395747599456e+00 #xyz tv0
           3.1447123475111254e-16   1.1310975570130314e+01   8.4865363968907248e-01 #xyz tv1
           2.7554552980815492e-16   1.0500000000000000e+01   9.9920072216264148e-16 196 -1 #xyz tv2 fid bid
           1.7895064141989866e-16   1.0882681391460906e+01   1.0663395747599456e+00 #xyz tv0
           3.1234683184623396e-16   1.1250000000000000e+01   1.6000000000000001e+00 #xyz tv1
           3.1447123475111254e-16   1.1310975570130314e+01   8.4865363968907248e-01 38 -1 #xyz tv2 fid bid
           1.7895064141989866e-16   1.0882681391460906e+01   1.0663395747599456e+00 #xyz tv0
           3.1234683184623396e-16   1.1250000000000000e+01   1.6000000000000001e+00 #xyz tv1
           3.1447123475111254e-16   1.1310975570130314e+01   8.4865363968907248e-01 196 -1 #xyz tv2 fid bid
           1.7895064141989866e-16   1.0882681391460906e+01   1.0663395747599456e+00 #xyz ev0
           3.1447123475111254e-16   1.1310975570130314e+01   8.4865363968907248e-01 -1 198 #xyz ev1 fid bid
   0   0.000000000000e+00   0.000000000000e+00   0.000000000000e+00 #flag location
END_ERR 
G3dErrFileVersion 2018P3.1
FlagFileMetaData Begin
   Mesh Size - Setup1, Refinement, Pass #3, Freq. 5.000000e+09 :Title    
   Listing of mesh elements with small segments. :ToolTip  
   hf3d :Author   
   1701708769 :TimeStamp
FlagFileMetaData End
BEGIN_ERR 
26 Small mesh segment detected on body : Radiation_box
 Small mesh segment detected on body : Radiation_box 
 Segment Statistics - Number of Segments : 1 --- Segment length(s) : 0.487025mm. The cutoff frequency for S-Matrix Only Solve is 3.25861367391304MHz 
3 -1  38  196  # nfids, fids[]
2 198  -1  # nbids, bids[]
      4 4 1 0 #ntets ntri ned npts
          -4.2272690281723486e+00   1.0966492161606297e+01   2.0066471770056511e+00 #xyz tv0
           2.7554552980815492e-16   1.0500000000000000e+01   9.9920072216264168e-16 #xyz tv1
           1.7895064141989866e-16   1.0882681391460906e+01   1.0663395747599456e+00 #xyz tv2
           3.3520173839060142e-16   1.1319620407998016e+01   8.5121712594624865e-01 -1 198 #xyz tv3 fid bid
           1.7895064141989866e-16   1.0882681391460906e+01   1.0663395747599456e+00 #xyz tv0
           2.7554552980815492e-16   1.0500000000000000e+01   9.9920072216264168e-16 #xyz tv1
           1.4827290549874306e+00   1.0500000000000000e+01   1.6000000000000001e+00 #xyz tv2
           3.3520173839060142e-16   1.1319620407998016e+01   8.5121712594624865e-01 -1 198 #xyz tv3 fid bid
           1.7895064141989866e-16   1.0882681391460906e+01   1.0663395747599456e+00 #xyz tv0
           3.1234683184623396e-16   1.1250000000000000e+01   1.6000000000000001e+00 #xyz tv1
          -4.2272690281723486e+00   1.0966492161606297e+01   2.0066471770056511e+00 #xyz tv2
           3.3520173839060142e-16   1.1319620407998016e+01   8.5121712594624865e-01 -1 198 #xyz tv3 fid bid
           3.3520173839060142e-16   1.1319620407998016e+01   8.5121712594624865e-01 #xyz tv0
           3.1234683184623396e-16   1.1250000000000000e+01   1.6000000000000001e+00 #xyz tv1
           1.4827290549874306e+00   1.0500000000000000e+01   1.6000000000000001e+00 #xyz tv2
           1.7895064141989866e-16   1.0882681391460906e+01   1.0663395747599456e+00 -1 198 #xyz tv3 fid bid
           1.7895064141989866e-16   1.0882681391460906e+01   1.0663395747599456e+00 #xyz tv0
           3.3520173839060142e-16   1.1319620407998016e+01   8.5121712594624865e-01 #xyz tv1
           2.7554552980815492e-16   1.0500000000000000e+01   9.9920072216264168e-16 38 -1 #xyz tv2 fid bid
           1.7895064141989866e-16   1.0882681391460906e+01   1.0663395747599456e+00 #xyz tv0
           3.3520173839060142e-16   1.1319620407998016e+01   8.5121712594624865e-01 #xyz tv1
           2.7554552980815492e-16   1.0500000000000000e+01   9.9920072216264168e-16 196 -1 #xyz tv2 fid bid
           1.7895064141989866e-16   1.0882681391460906e+01   1.0663395747599456e+00 #xyz tv0
           3.1234683184623396e-16   1.1250000000000000e+01   1.6000000000000001e+00 #xyz tv1
           3.3520173839060142e-16   1.1319620407998016e+01   8.5121712594624865e-01 38 -1 #xyz tv2 fid bid
           1.7895064141989866e-16   1.0882681391460906e+01   1.0663395747599456e+00 #xyz tv0
           3.1234683184623396e-16   1.1250000000000000e+01   1.6000000000000001e+00 #xyz tv1
           3.3520173839060142e-16   1.1319620407998016e+01   8.5121712594624865e-01 196 -1 #xyz tv2 fid bid
           1.7895064141989866e-16   1.0882681391460906e+01   1.0663395747599456e+00 #xyz ev0
           3.3520173839060142e-16   1.1319620407998016e+01   8.5121712594624865e-01 -1 198 #xyz ev1 fid bid
   0   0.000000000000e+00   0.000000000000e+00   0.000000000000e+00 #flag location
END_ERR 
G3dErrFileVersion 2018P3.1
FlagFileMetaData Begin
   Mesh Size - Setup1, Refinement, Pass #4, Freq. 5.000000e+09 :Title    
   Listing of mesh elements with small segments. :ToolTip  
   hf3d :Author   
   1701708771 :TimeStamp
FlagFileMetaData End
BEGIN_ERR 
26 Small mesh segment detected on body : Radiation_box
 Small mesh segment detected on body : Radiation_box 
 Segment Statistics - Number of Segments : 1 --- Segment length(s) : 0.489976mm. The cutoff frequency for S-Matrix Only Solve is 3.25861367391304MHz 
3 -1  38  196  # nfids, fids[]
2 198  -1  # nbids, bids[]
      5 4 1 0 #ntets ntri ned npts
          -3.0844307731469511e+00   1.1300572207614513e+01   2.0784688627072474e+00 #xyz tv0
           2.7554552980815492e-16   1.0500000000000000e+01   9.9920072216264168e-16 #xyz tv1
           1.7895064141989866e-16   1.0882681391460906e+01   1.0663395747599456e+00 #xyz tv2
           3.4441529556370752e-16   1.1323462558161440e+01   8.5235645317166031e-01 -1 198 #xyz tv3 fid bid
           2.7554552980815492e-16   1.0500000000000000e+01   9.9920072216264168e-16 #xyz tv0
           1.2665101423941922e+00   1.1540579614798730e+01   9.7766217537701240e-16 #xyz tv1
           1.7895064141989866e-16   1.0882681391460906e+01   1.0663395747599456e+00 #xyz tv2
           3.4441529556370752e-16   1.1323462558161440e+01   8.5235645317166031e-01 -1 198 #xyz tv3 fid bid
           1.7895064141989866e-16   1.0882681391460906e+01   1.0663395747599456e+00 #xyz tv0
           3.1234683184623396e-16   1.1250000000000000e+01   1.6000000000000001e+00 #xyz tv1
          -3.0844307731469511e+00   1.1300572207614513e+01   2.0784688627072474e+00 #xyz tv2
           3.4441529556370752e-16   1.1323462558161440e+01   8.5235645317166031e-01 -1 198 #xyz tv3 fid bid
           1.7895064141989866e-16   1.0882681391460906e+01   1.0663395747599456e+00 #xyz tv0
           1.2665101423941922e+00   1.1540579614798730e+01   9.7766217537701240e-16 #xyz tv1
           2.2651300889738426e+00   1.1917302664295484e+01   1.6000000000000001e+00 #xyz tv2
           3.4441529556370752e-16   1.1323462558161440e+01   8.5235645317166031e-01 -1 198 #xyz tv3 fid bid
           1.7895064141989866e-16   1.0882681391460906e+01   1.0663395747599456e+00 #xyz tv0
           2.2651300889738426e+00   1.1917302664295484e+01   1.6000000000000001e+00 #xyz tv1
           3.1234683184623396e-16   1.1250000000000000e+01   1.6000000000000001e+00 #xyz tv2
           3.4441529556370752e-16   1.1323462558161440e+01   8.5235645317166031e-01 -1 198 #xyz tv3 fid bid
           1.7895064141989866e-16   1.0882681391460906e+01   1.0663395747599456e+00 #xyz tv0
           3.4441529556370752e-16   1.1323462558161440e+01   8.5235645317166031e-01 #xyz tv1
           2.7554552980815492e-16   1.0500000000000000e+01   9.9920072216264168e-16 38 -1 #xyz tv2 fid bid
           1.7895064141989866e-16   1.0882681391460906e+01   1.0663395747599456e+00 #xyz tv0
           3.4441529556370752e-16   1.1323462558161440e+01   8.5235645317166031e-01 #xyz tv1
           2.7554552980815492e-16   1.0500000000000000e+01   9.9920072216264168e-16 196 -1 #xyz tv2 fid bid
           1.7895064141989866e-16   1.0882681391460906e+01   1.0663395747599456e+00 #xyz tv0
           3.1234683184623396e-16   1.1250000000000000e+01   1.6000000000000001e+00 #xyz tv1
           3.4441529556370752e-16   1.1323462558161440e+01   8.5235645317166031e-01 38 -1 #xyz tv2 fid bid
           1.7895064141989866e-16   1.0882681391460906e+01   1.0663395747599456e+00 #xyz tv0
           3.1234683184623396e-16   1.1250000000000000e+01   1.6000000000000001e+00 #xyz tv1
           3.4441529556370752e-16   1.1323462558161440e+01   8.5235645317166031e-01 196 -1 #xyz tv2 fid bid
           1.7895064141989866e-16   1.0882681391460906e+01   1.0663395747599456e+00 #xyz ev0
           3.4441529556370752e-16   1.1323462558161440e+01   8.5235645317166031e-01 -1 198 #xyz ev1 fid bid
   0   0.000000000000e+00   0.000000000000e+00   0.000000000000e+00 #flag location
END_ERR 
G3dErrFileVersion 2018P3.1
FlagFileMetaData Begin
   Mesh Size - Setup1, Refinement, Pass #5, Freq. 5.000000e+09 :Title    
   Listing of mesh elements with small segments. :ToolTip  
   hf3d :Author   
   1701708774 :TimeStamp
FlagFileMetaData End
BEGIN_ERR 
26 Small mesh segment detected on body : Radiation_box
 Small mesh segment detected on body : Radiation_box 
 Segment Statistics - Number of Segments : 1 --- Segment length(s) : 0.491293mm. The cutoff frequency for S-Matrix Only Solve is 3.25861367391304MHz 
3 -1  38  196  # nfids, fids[]
2 198  -1  # nbids, bids[]
      5 4 1 0 #ntets ntri ned npts
          -2.8912432506803905e+00   1.1308987607770435e+01   2.0671116843762460e+00 #xyz tv0
           2.7554552980815492e-16   1.0500000000000000e+01   9.9920072216264168e-16 #xyz tv1
           1.7895064141989866e-16   1.0882681391460906e+01   1.0663395747599456e+00 #xyz tv2
           3.4851020986286578e-16   1.1325170180456297e+01   8.5286282082739906e-01 -1 198 #xyz tv3 fid bid
           2.7554552980815492e-16   1.0500000000000000e+01   9.9920072216264168e-16 #xyz tv0
           1.2958476590947861e+00   1.1554964058835234e+01   9.6595562442952618e-16 #xyz tv1
           1.7895064141989866e-16   1.0882681391460906e+01   1.0663395747599456e+00 #xyz tv2
           3.4851020986286578e-16   1.1325170180456297e+01   8.5286282082739906e-01 -1 198 #xyz tv3 fid bid
           1.7895064141989866e-16   1.0882681391460906e+01   1.0663395747599456e+00 #xyz tv0
           3.1234683184623396e-16   1.1250000000000000e+01   1.6000000000000001e+00 #xyz tv1
          -2.8912432506803905e+00   1.1308987607770435e+01   2.0671116843762460e+00 #xyz tv2
           3.4851020986286578e-16   1.1325170180456297e+01   8.5286282082739906e-01 -1 198 #xyz tv3 fid bid
           1.7895064141989866e-16   1.0882681391460906e+01   1.0663395747599456e+00 #xyz tv0
           1.2958476590947861e+00   1.1554964058835234e+01   9.6595562442952618e-16 #xyz tv1
           2.0097129252580670e+00   1.1735712129141962e+01   1.6000000000000001e+00 #xyz tv2
           3.4851020986286578e-16   1.1325170180456297e+01   8.5286282082739906e-01 -1 198 #xyz tv3 fid bid
           1.7895064141989866e-16   1.0882681391460906e+01   1.0663395747599456e+00 #xyz tv0
           2.0097129252580670e+00   1.1735712129141962e+01   1.6000000000000001e+00 #xyz tv1
           3.1234683184623396e-16   1.1250000000000000e+01   1.6000000000000001e+00 #xyz tv2
           3.4851020986286578e-16   1.1325170180456297e+01   8.5286282082739906e-01 -1 198 #xyz tv3 fid bid
           1.7895064141989866e-16   1.0882681391460906e+01   1.0663395747599456e+00 #xyz tv0
           3.4851020986286578e-16   1.1325170180456297e+01   8.5286282082739906e-01 #xyz tv1
           2.7554552980815492e-16   1.0500000000000000e+01   9.9920072216264168e-16 38 -1 #xyz tv2 fid bid
           1.7895064141989866e-16   1.0882681391460906e+01   1.0663395747599456e+00 #xyz tv0
           3.4851020986286578e-16   1.1325170180456297e+01   8.5286282082739906e-01 #xyz tv1
           2.7554552980815492e-16   1.0500000000000000e+01   9.9920072216264168e-16 196 -1 #xyz tv2 fid bid
           1.7895064141989866e-16   1.0882681391460906e+01   1.0663395747599456e+00 #xyz tv0
           3.1234683184623396e-16   1.1250000000000000e+01   1.6000000000000001e+00 #xyz tv1
           3.4851020986286578e-16   1.1325170180456297e+01   8.5286282082739906e-01 38 -1 #xyz tv2 fid bid
           1.7895064141989866e-16   1.0882681391460906e+01   1.0663395747599456e+00 #xyz tv0
           3.1234683184623396e-16   1.1250000000000000e+01   1.6000000000000001e+00 #xyz tv1
           3.4851020986286578e-16   1.1325170180456297e+01   8.5286282082739906e-01 196 -1 #xyz tv2 fid bid
           1.7895064141989866e-16   1.0882681391460906e+01   1.0663395747599456e+00 #xyz ev0
           3.4851020986286578e-16   1.1325170180456297e+01   8.5286282082739906e-01 -1 198 #xyz ev1 fid bid
   0   0.000000000000e+00   0.000000000000e+00   0.000000000000e+00 #flag location
END_ERR 
G3dErrFileVersion 2018P3.1
FlagFileMetaData Begin
   Mesh Size - Setup1, Refinement, Pass #1, Freq. 5.000000e+09 :Title    
   Listing of mesh elements with small segments. :ToolTip  
   hf3d :Author   
   1701709663 :TimeStamp
FlagFileMetaData End
BEGIN_ERR 
26 Small mesh segment detected on body : Radiation_box
 Small mesh segment detected on body : Radiation_box 
 Segment Statistics - Number of Segments : 1 --- Segment length(s) : 0.750000mm. The cutoff frequency for S-Matrix Only Solve is 3.25861367391304MHz 
5 -1  36  294  38  196  # nfids, fids[]
2 198  -1  # nbids, bids[]
      7 4 1 0 #ntets ntri ned npts
           0.0000000000000000e+00   1.1500000000000000e+01   1.6000000000000001e+00 #xyz tv0
          -1.9443147418786164e+00   1.3421560456069479e+01   3.3560206965190659e-01 #xyz tv1
           2.2962127484012939e-16   1.0750000000000004e+01   8.3266726846886770e-16 #xyz tv2
           2.7554552980815522e-16   1.1500000000000004e+01   9.9920072216264128e-16 -1 198 #xyz tv3 fid bid
           2.2962127484012939e-16   1.0750000000000004e+01   8.3266726846886770e-16 #xyz tv0
          -1.9443147418786164e+00   1.3421560456069479e+01   3.3560206965190659e-01 #xyz tv1
          -2.7698604189761049e+00   6.8088437294313451e+00  -2.0000000000000000e+00 #xyz tv2
           2.7554552980815522e-16   1.1500000000000004e+01   9.9920072216264128e-16 -1 198 #xyz tv3 fid bid
           2.3437500000000000e+00   1.1500000000000000e+01   1.6000000000000001e+00 #xyz tv0
           2.2962127484012939e-16   1.0750000000000004e+01   8.3266726846886770e-16 #xyz tv1
           2.7554552980815522e-16   1.1500000000000004e+01   9.9920072216264128e-16 #xyz tv2
           0.0000000000000000e+00   1.1500000000000000e+01   1.6000000000000001e+00 -1 198 #xyz tv3 fid bid
           2.2962127484012939e-16   1.0750000000000004e+01   8.3266726846886770e-16 #xyz tv0
          -2.7698604189761049e+00   6.8088437294313451e+00  -2.0000000000000000e+00 #xyz tv1
           2.0395163851921367e+00   1.0874275491578731e+01  -2.0000000000000000e+00 #xyz tv2
           2.7554552980815522e-16   1.1500000000000004e+01   9.9920072216264128e-16 -1 198 #xyz tv3 fid bid
           2.3437500000000000e+00   1.1500000000000000e+01   1.6000000000000001e+00 #xyz tv0
           2.7554552980815522e-16   1.1500000000000004e+01   9.9920072216264128e-16 #xyz tv1
           2.2962127484012939e-16   1.0750000000000004e+01   8.3266726846886770e-16 #xyz tv2
           4.6875000000000000e+00   1.1500000000000000e+01   1.6000000000000001e+00 -1 198 #xyz tv3 fid bid
           2.2962127484012939e-16   1.0750000000000004e+01   8.3266726846886770e-16 #xyz tv0
           2.0395163851921367e+00   1.0874275491578731e+01  -2.0000000000000000e+00 #xyz tv1
           5.5585150334913607e+00   1.0916038052247870e+01   7.3290327920478614e-16 #xyz tv2
           2.7554552980815522e-16   1.1500000000000004e+01   9.9920072216264128e-16 -1 198 #xyz tv3 fid bid
           2.2962127484012939e-16   1.0750000000000004e+01   8.3266726846886770e-16 #xyz tv0
           5.5585150334913607e+00   1.0916038052247870e+01   7.3290327920478614e-16 #xyz tv1
           4.6875000000000000e+00   1.1500000000000000e+01   1.6000000000000001e+00 #xyz tv2
           2.7554552980815522e-16   1.1500000000000004e+01   9.9920072216264128e-16 -1 198 #xyz tv3 fid bid
           2.2962127484012939e-16   1.0750000000000004e+01   8.3266726846886770e-16 #xyz tv0
           2.7554552980815522e-16   1.1500000000000004e+01   9.9920072216264128e-16 #xyz tv1
           5.5585150334913607e+00   1.0916038052247870e+01   7.3290327920478614e-16 36 -1 #xyz tv2 fid bid
           2.2962127484012939e-16   1.0750000000000004e+01   8.3266726846886770e-16 #xyz tv0
           2.7554552980815522e-16   1.1500000000000004e+01   9.9920072216264128e-16 #xyz tv1
           5.5585150334913607e+00   1.0916038052247870e+01   7.3290327920478614e-16 294 -1 #xyz tv2 fid bid
           2.2962127484012939e-16   1.0750000000000004e+01   8.3266726846886770e-16 #xyz tv0
           0.0000000000000000e+00   1.1500000000000000e+01   1.6000000000000001e+00 #xyz tv1
           2.7554552980815522e-16   1.1500000000000004e+01   9.9920072216264128e-16 38 -1 #xyz tv2 fid bid
           2.2962127484012939e-16   1.0750000000000004e+01   8.3266726846886770e-16 #xyz tv0
           0.0000000000000000e+00   1.1500000000000000e+01   1.6000000000000001e+00 #xyz tv1
           2.7554552980815522e-16   1.1500000000000004e+01   9.9920072216264128e-16 196 -1 #xyz tv2 fid bid
           2.2962127484012939e-16   1.0750000000000004e+01   8.3266726846886770e-16 #xyz ev0
           2.7554552980815522e-16   1.1500000000000004e+01   9.9920072216264128e-16 -1 198 #xyz ev1 fid bid
   0   0.000000000000e+00   0.000000000000e+00   0.000000000000e+00 #flag location
END_ERR 
G3dErrFileVersion 2018P3.1
FlagFileMetaData Begin
   Mesh Size - Setup1, Refinement, Pass #2, Freq. 5.000000e+09 :Title    
   Listing of mesh elements with small segments. :ToolTip  
   hf3d :Author   
   1701709666 :TimeStamp
FlagFileMetaData End
BEGIN_ERR 
26 Small mesh segment detected on body : Substrate
 Small mesh segment detected on body : Substrate 
 Segment Statistics - Number of Segments : 1 --- Segment length(s) : 0.715055mm. The cutoff frequency for S-Matrix Only Solve is 3.25861367391304MHz 
3 -1  40  184  # nfids, fids[]
2 34  -1  # nbids, bids[]
      4 4 1 0 #ntets ntri ned npts
           7.2687995856484093e+01   8.6237983821165134e+00   3.1121139427664229e-16 #xyz tv0
           7.5000000000000000e+01   8.2375000000000007e+00   7.1111111111111125e-01 #xyz tv1
           7.5000000000000000e+01   8.3125000000000018e+00   3.0357660829594114e-16 #xyz tv2
           7.5000000000000000e+01   7.0000000000000009e+00  -6.8928378944699879e-32 -1 34 #xyz tv3 fid bid
           7.5000000000000000e+01   9.2500000000000000e+00   8.0000000000000004e-01 #xyz tv0
           7.2687995856484093e+01   8.6237983821165134e+00   3.1121139427664229e-16 #xyz tv1
           7.5000000000000000e+01   8.2375000000000007e+00   7.1111111111111125e-01 #xyz tv2
           7.5000000000000000e+01   8.3125000000000018e+00   3.0357660829594114e-16 -1 34 #xyz tv3 fid bid
           7.5000000000000000e+01   8.3125000000000018e+00   3.0357660829594114e-16 #xyz tv0
           7.5000000000000000e+01   8.2375000000000007e+00   7.1111111111111125e-01 #xyz tv1
           8.2000000000000000e+01   1.1000000000000007e+01  -2.0000000000000000e+00 #xyz tv2
           7.5000000000000000e+01   7.0000000000000009e+00  -6.8928378944699879e-32 -1 34 #xyz tv3 fid bid
           8.2000000000000000e+01   1.1000000000000007e+01  -2.0000000000000000e+00 #xyz tv0
           7.5000000000000000e+01   8.3125000000000018e+00   3.0357660829594114e-16 #xyz tv1
           7.5000000000000000e+01   9.2500000000000000e+00   8.0000000000000004e-01 #xyz tv2
           7.5000000000000000e+01   8.2375000000000007e+00   7.1111111111111125e-01 -1 34 #xyz tv3 fid bid
           7.5000000000000000e+01   8.3125000000000018e+00   3.0357660829594114e-16 #xyz tv0
           7.5000000000000000e+01   8.2375000000000007e+00   7.1111111111111125e-01 #xyz tv1
           7.5000000000000000e+01   7.0000000000000009e+00  -6.8928378944699879e-32 40 -1 #xyz tv2 fid bid
           7.5000000000000000e+01   8.3125000000000018e+00   3.0357660829594114e-16 #xyz tv0
           7.5000000000000000e+01   8.2375000000000007e+00   7.1111111111111125e-01 #xyz tv1
           7.5000000000000000e+01   7.0000000000000009e+00  -6.8928378944699879e-32 184 -1 #xyz tv2 fid bid
           7.5000000000000000e+01   8.3125000000000018e+00   3.0357660829594114e-16 #xyz tv0
           7.5000000000000000e+01   9.2500000000000000e+00   8.0000000000000004e-01 #xyz tv1
           7.5000000000000000e+01   8.2375000000000007e+00   7.1111111111111125e-01 40 -1 #xyz tv2 fid bid
           7.5000000000000000e+01   8.3125000000000018e+00   3.0357660829594114e-16 #xyz tv0
           7.5000000000000000e+01   9.2500000000000000e+00   8.0000000000000004e-01 #xyz tv1
           7.5000000000000000e+01   8.2375000000000007e+00   7.1111111111111125e-01 184 -1 #xyz tv2 fid bid
           7.5000000000000000e+01   8.3125000000000018e+00   3.0357660829594114e-16 #xyz ev0
           7.5000000000000000e+01   8.2375000000000007e+00   7.1111111111111125e-01 -1 34 #xyz ev1 fid bid
   0   0.000000000000e+00   0.000000000000e+00   0.000000000000e+00 #flag location
END_ERR 
G3dErrFileVersion 2018P3.1
FlagFileMetaData Begin
   Mesh Size - Setup1, Refinement, Pass #3, Freq. 5.000000e+09 :Title    
   Listing of mesh elements with small segments. :ToolTip  
   hf3d :Author   
   1701709668 :TimeStamp
FlagFileMetaData End
BEGIN_ERR 
26 Small mesh segment detected on body : Radiation_box
 Small mesh segment detected on body : Radiation_box 
 Segment Statistics - Number of Segments : 1 --- Segment length(s) : 0.711416mm. The cutoff frequency for S-Matrix Only Solve is 3.25861367391304MHz 
3 -1  38  196  # nfids, fids[]
2 198  -1  # nbids, bids[]
      4 4 1 0 #ntets ntri ned npts
           3.1234683184623410e-16   1.2250000000000002e+01   1.6000000000000001e+00 #xyz tv0
           3.7688216842603526e-16   1.2270833333333337e+01   8.8888888888888951e-01 #xyz tv1
          -1.7433191006947717e+00   1.3138254247144928e+01   4.0105186456935660e-01 #xyz tv2
           0.0000000000000000e+00   1.1500000000000000e+01   1.6000000000000001e+00 -1 198 #xyz tv3 fid bid
           3.1234683184623410e-16   1.2250000000000002e+01   1.6000000000000001e+00 #xyz tv0
          -1.7433191006947717e+00   1.3138254247144928e+01   4.0105186456935660e-01 #xyz tv1
           3.7688216842603526e-16   1.2270833333333337e+01   8.8888888888888951e-01 #xyz tv2
           6.2469366369246821e-16   1.3000000000000009e+01   1.6000000000000001e+00 -1 198 #xyz tv3 fid bid
           2.3437500000000000e+00   1.1500000000000000e+01   1.6000000000000001e+00 #xyz tv0
           3.7688216842603526e-16   1.2270833333333337e+01   8.8888888888888951e-01 #xyz tv1
           3.1234683184623410e-16   1.2250000000000002e+01   1.6000000000000001e+00 #xyz tv2
           0.0000000000000000e+00   1.1500000000000000e+01   1.6000000000000001e+00 -1 198 #xyz tv3 fid bid
           3.7688216842603526e-16   1.2270833333333337e+01   8.8888888888888951e-01 #xyz tv0
           6.2469366369246821e-16   1.3000000000000009e+01   1.6000000000000001e+00 #xyz tv1
           2.3437500000000000e+00   1.1500000000000000e+01   1.6000000000000001e+00 #xyz tv2
           3.1234683184623410e-16   1.2250000000000002e+01   1.6000000000000001e+00 -1 198 #xyz tv3 fid bid
           3.1234683184623410e-16   1.2250000000000002e+01   1.6000000000000001e+00 #xyz tv0
           6.2469366369246821e-16   1.3000000000000009e+01   1.6000000000000001e+00 #xyz tv1
           3.7688216842603526e-16   1.2270833333333337e+01   8.8888888888888951e-01 38 -1 #xyz tv2 fid bid
           3.1234683184623410e-16   1.2250000000000002e+01   1.6000000000000001e+00 #xyz tv0
           6.2469366369246821e-16   1.3000000000000009e+01   1.6000000000000001e+00 #xyz tv1
           3.7688216842603526e-16   1.2270833333333337e+01   8.8888888888888951e-01 196 -1 #xyz tv2 fid bid
           3.1234683184623410e-16   1.2250000000000002e+01   1.6000000000000001e+00 #xyz tv0
           3.7688216842603526e-16   1.2270833333333337e+01   8.8888888888888951e-01 #xyz tv1
           0.0000000000000000e+00   1.1500000000000000e+01   1.6000000000000001e+00 38 -1 #xyz tv2 fid bid
           3.1234683184623410e-16   1.2250000000000002e+01   1.6000000000000001e+00 #xyz tv0
           3.7688216842603526e-16   1.2270833333333337e+01   8.8888888888888951e-01 #xyz tv1
           0.0000000000000000e+00   1.1500000000000000e+01   1.6000000000000001e+00 196 -1 #xyz tv2 fid bid
           3.7688216842603526e-16   1.2270833333333337e+01   8.8888888888888951e-01 #xyz ev0
           3.1234683184623410e-16   1.2250000000000002e+01   1.6000000000000001e+00 -1 198 #xyz ev1 fid bid
   0   0.000000000000e+00   0.000000000000e+00   0.000000000000e+00 #flag location
END_ERR 
G3dErrFileVersion 2018P3.1
FlagFileMetaData Begin
   Mesh Size - Setup1, Refinement, Pass #4, Freq. 5.000000e+09 :Title    
   Listing of mesh elements with small segments. :ToolTip  
   hf3d :Author   
   1701709671 :TimeStamp
FlagFileMetaData End
BEGIN_ERR 
26 Small mesh segment detected on body : Radiation_box
 Small mesh segment detected on body : Radiation_box 
 Segment Statistics - Number of Segments : 1 --- Segment length(s) : 0.711416mm. The cutoff frequency for S-Matrix Only Solve is 3.25861367391304MHz 
3 -1  38  196  # nfids, fids[]
2 198  -1  # nbids, bids[]
      4 4 1 0 #ntets ntri ned npts
           3.1234683184623410e-16   1.2250000000000002e+01   1.6000000000000001e+00 #xyz tv0
           3.7688216842603526e-16   1.2270833333333339e+01   8.8888888888888951e-01 #xyz tv1
          -1.7433191006947717e+00   1.3138254247144928e+01   4.0105186456935660e-01 #xyz tv2
           0.0000000000000000e+00   1.1500000000000000e+01   1.6000000000000001e+00 -1 198 #xyz tv3 fid bid
           3.1234683184623410e-16   1.2250000000000002e+01   1.6000000000000001e+00 #xyz tv0
          -1.7433191006947717e+00   1.3138254247144928e+01   4.0105186456935660e-01 #xyz tv1
           3.7688216842603526e-16   1.2270833333333339e+01   8.8888888888888951e-01 #xyz tv2
           6.2469366369246821e-16   1.3000000000000011e+01   1.6000000000000001e+00 -1 198 #xyz tv3 fid bid
           2.6274204254150391e+00   1.1500000000000000e+01   1.6000000000000001e+00 #xyz tv0
           3.7688216842603526e-16   1.2270833333333339e+01   8.8888888888888951e-01 #xyz tv1
           3.1234683184623410e-16   1.2250000000000002e+01   1.6000000000000001e+00 #xyz tv2
           0.0000000000000000e+00   1.1500000000000000e+01   1.6000000000000001e+00 -1 198 #xyz tv3 fid bid
           3.7688216842603526e-16   1.2270833333333339e+01   8.8888888888888951e-01 #xyz tv0
           6.2469366369246821e-16   1.3000000000000011e+01   1.6000000000000001e+00 #xyz tv1
           2.6274204254150391e+00   1.1500000000000000e+01   1.6000000000000001e+00 #xyz tv2
           3.1234683184623410e-16   1.2250000000000002e+01   1.6000000000000001e+00 -1 198 #xyz tv3 fid bid
           3.1234683184623410e-16   1.2250000000000002e+01   1.6000000000000001e+00 #xyz tv0
           6.2469366369246821e-16   1.3000000000000011e+01   1.6000000000000001e+00 #xyz tv1
           3.7688216842603526e-16   1.2270833333333339e+01   8.8888888888888951e-01 38 -1 #xyz tv2 fid bid
           3.1234683184623410e-16   1.2250000000000002e+01   1.6000000000000001e+00 #xyz tv0
           6.2469366369246821e-16   1.3000000000000011e+01   1.6000000000000001e+00 #xyz tv1
           3.7688216842603526e-16   1.2270833333333339e+01   8.8888888888888951e-01 196 -1 #xyz tv2 fid bid
           3.1234683184623410e-16   1.2250000000000002e+01   1.6000000000000001e+00 #xyz tv0
           3.7688216842603526e-16   1.2270833333333339e+01   8.8888888888888951e-01 #xyz tv1
           0.0000000000000000e+00   1.1500000000000000e+01   1.6000000000000001e+00 38 -1 #xyz tv2 fid bid
           3.1234683184623410e-16   1.2250000000000002e+01   1.6000000000000001e+00 #xyz tv0
           3.7688216842603526e-16   1.2270833333333339e+01   8.8888888888888951e-01 #xyz tv1
           0.0000000000000000e+00   1.1500000000000000e+01   1.6000000000000001e+00 196 -1 #xyz tv2 fid bid
           3.7688216842603526e-16   1.2270833333333339e+01   8.8888888888888951e-01 #xyz ev0
           3.1234683184623410e-16   1.2250000000000002e+01   1.6000000000000001e+00 -1 198 #xyz ev1 fid bid
   0   0.000000000000e+00   0.000000000000e+00   0.000000000000e+00 #flag location
END_ERR 
G3dErrFileVersion 2018P3.1
FlagFileMetaData Begin
   Mesh Size - Setup1, Refinement, Pass #5, Freq. 5.000000e+09 :Title    
   Listing of mesh elements with small segments. :ToolTip  
   hf3d :Author   
   1701709674 :TimeStamp
FlagFileMetaData End
BEGIN_ERR 
26 Small mesh segment detected on body : Radiation_box
 Small mesh segment detected on body : Radiation_box 
 Segment Statistics - Number of Segments : 1 --- Segment length(s) : 0.711416mm. The cutoff frequency for S-Matrix Only Solve is 3.25861367391304MHz 
3 -1  38  196  # nfids, fids[]
2 198  -1  # nbids, bids[]
      5 4 1 0 #ntets ntri ned npts
           3.1234683184623410e-16   1.2250000000000002e+01   1.6000000000000001e+00 #xyz tv0
           3.7688216842603526e-16   1.2270833333333341e+01   8.8888888888888951e-01 #xyz tv1
          -1.8695365324391737e+00   1.2612113337564812e+01   3.0557255756395119e-01 #xyz tv2
           0.0000000000000000e+00   1.1500000000000000e+01   1.6000000000000001e+00 -1 198 #xyz tv3 fid bid
           3.1234683184623410e-16   1.2250000000000002e+01   1.6000000000000001e+00 #xyz tv0
          -1.8695365324391737e+00   1.2612113337564812e+01   3.0557255756395119e-01 #xyz tv1
           3.7688216842603526e-16   1.2270833333333341e+01   8.8888888888888951e-01 #xyz tv2
           6.2469366369246821e-16   1.3000000000000011e+01   1.6000000000000001e+00 -1 198 #xyz tv3 fid bid
           3.1234683184623410e-16   1.2250000000000002e+01   1.6000000000000001e+00 #xyz tv0
           0.0000000000000000e+00   1.1500000000000000e+01   1.6000000000000001e+00 #xyz tv1
           1.1526443647774323e+00   1.2381741345800744e+01   8.7144689321845037e-01 #xyz tv2
           3.7688216842603526e-16   1.2270833333333341e+01   8.8888888888888951e-01 -1 198 #xyz tv3 fid bid
           3.7688216842603526e-16   1.2270833333333341e+01   8.8888888888888951e-01 #xyz tv0
           2.0040235601008209e+00   1.3887642381670297e+01   1.6000000000000001e+00 #xyz tv1
           3.1234683184623410e-16   1.2250000000000002e+01   1.6000000000000001e+00 #xyz tv2
           6.2469366369246821e-16   1.3000000000000011e+01   1.6000000000000001e+00 -1 198 #xyz tv3 fid bid
           3.7688216842603526e-16   1.2270833333333341e+01   8.8888888888888951e-01 #xyz tv0
           3.1234683184623410e-16   1.2250000000000002e+01   1.6000000000000001e+00 #xyz tv1
           2.0040235601008209e+00   1.3887642381670297e+01   1.6000000000000001e+00 #xyz tv2
           1.1526443647774323e+00   1.2381741345800744e+01   8.7144689321845037e-01 -1 198 #xyz tv3 fid bid
           3.1234683184623410e-16   1.2250000000000002e+01   1.6000000000000001e+00 #xyz tv0
           6.2469366369246821e-16   1.3000000000000011e+01   1.6000000000000001e+00 #xyz tv1
           3.7688216842603526e-16   1.2270833333333341e+01   8.8888888888888951e-01 38 -1 #xyz tv2 fid bid
           3.1234683184623410e-16   1.2250000000000002e+01   1.6000000000000001e+00 #xyz tv0
           6.2469366369246821e-16   1.3000000000000011e+01   1.6000000000000001e+00 #xyz tv1
           3.7688216842603526e-16   1.2270833333333341e+01   8.8888888888888951e-01 196 -1 #xyz tv2 fid bid
           3.1234683184623410e-16   1.2250000000000002e+01   1.6000000000000001e+00 #xyz tv0
           3.7688216842603526e-16   1.2270833333333341e+01   8.8888888888888951e-01 #xyz tv1
           0.0000000000000000e+00   1.1500000000000000e+01   1.6000000000000001e+00 38 -1 #xyz tv2 fid bid
           3.1234683184623410e-16   1.2250000000000002e+01   1.6000000000000001e+00 #xyz tv0
           3.7688216842603526e-16   1.2270833333333341e+01   8.8888888888888951e-01 #xyz tv1
           0.0000000000000000e+00   1.1500000000000000e+01   1.6000000000000001e+00 196 -1 #xyz tv2 fid bid
           3.7688216842603526e-16   1.2270833333333341e+01   8.8888888888888951e-01 #xyz ev0
           3.1234683184623410e-16   1.2250000000000002e+01   1.6000000000000001e+00 -1 198 #xyz ev1 fid bid
   0   0.000000000000e+00   0.000000000000e+00   0.000000000000e+00 #flag location
END_ERR 
G3dErrFileVersion 2018P3.1
FlagFileMetaData Begin
   Mesh Size - Setup1, Refinement, Pass #6, Freq. 5.000000e+09 :Title    
   Listing of mesh elements with small segments. :ToolTip  
   hf3d :Author   
   1701709676 :TimeStamp
FlagFileMetaData End
