G3dErrFileVersion 2018P3.1
FlagFileMetaData Begin
   Mesh Size - Setup1, Refinement, Pass #1, Freq. 1.000000e+09 :Title    
   Listing of mesh elements with small segments. :ToolTip  
   hf3d :Author   
   1703053160 :TimeStamp
FlagFileMetaData End
BEGIN_ERR 
26 Small mesh segment detected on body : Radiation_box
 Small mesh segment detected on body : Radiation_box 
 Segment Statistics - Number of Segments : 1 --- Segment length(s) : 0.400000mm. The cutoff frequency for S-Matrix Only Solve is 2.398339664MHz 
3 -1  7  89  # nfids, fids[]
2 122  -1  # nbids, bids[]
      4 3 1 0 #ntets ntri ned npts
          -3.6199999999999996e+01  -4.9000000000000004e+00   1.6000000000000001e+00 #xyz tv0
          -3.7500000000000000e+01  -2.5000000000000000e+01   1.6000000000000001e+00 #xyz tv1
           2.5000000000000000e+00   0.0000000000000000e+00   2.5000000000000000e+01 #xyz tv2
          -3.5799999999999997e+01  -4.9000000000000004e+00   1.6000000000000001e+00 -1 122 #xyz tv3 fid bid
          -3.6199999999999996e+01  -4.9000000000000004e+00   1.6000000000000001e+00 #xyz tv0
           2.5000000000000000e+00   0.0000000000000000e+00   2.5000000000000000e+01 #xyz tv1
          -3.6199999999999996e+01  -1.5000000000000000e+00   1.6000000000000001e+00 #xyz tv2
          -3.5799999999999997e+01  -4.9000000000000004e+00   1.6000000000000001e+00 -1 122 #xyz tv3 fid bid
          -3.7500000000000000e+01  -2.5000000000000000e+00   2.4617278194535684e-32 #xyz tv0
          -3.6199999999999996e+01  -4.9000000000000004e+00   1.6000000000000001e+00 #xyz tv1
          -3.5799999999999997e+01  -4.9000000000000004e+00   1.6000000000000001e+00 #xyz tv2
          -3.7500000000000000e+01  -2.5000000000000000e+01   1.6000000000000001e+00 -1 122 #xyz tv3 fid bid
          -3.7500000000000000e+01  -2.5000000000000000e+00   2.4617278194535684e-32 #xyz tv0
          -3.6199999999999996e+01  -1.5000000000000000e+00   1.6000000000000001e+00 #xyz tv1
          -3.5799999999999997e+01  -4.9000000000000004e+00   1.6000000000000001e+00 #xyz tv2
          -3.6199999999999996e+01  -4.9000000000000004e+00   1.6000000000000001e+00 -1 122 #xyz tv3 fid bid
          -3.5799999999999997e+01  -4.9000000000000004e+00   1.6000000000000001e+00 #xyz tv0
          -3.6199999999999996e+01  -4.9000000000000004e+00   1.6000000000000001e+00 #xyz tv1
          -3.7500000000000000e+01  -2.5000000000000000e+01   1.6000000000000001e+00 7 -1 #xyz tv2 fid bid
          -3.5799999999999997e+01  -4.9000000000000004e+00   1.6000000000000001e+00 #xyz tv0
          -3.6199999999999996e+01  -1.5000000000000000e+00   1.6000000000000001e+00 #xyz tv1
          -3.6199999999999996e+01  -4.9000000000000004e+00   1.6000000000000001e+00 7 -1 #xyz tv2 fid bid
          -3.5799999999999997e+01  -4.9000000000000004e+00   1.6000000000000001e+00 #xyz tv0
          -3.6199999999999996e+01  -1.5000000000000000e+00   1.6000000000000001e+00 #xyz tv1
          -3.6199999999999996e+01  -4.9000000000000004e+00   1.6000000000000001e+00 89 -1 #xyz tv2 fid bid
          -3.5799999999999997e+01  -4.9000000000000004e+00   1.6000000000000001e+00 #xyz ev0
          -3.6199999999999996e+01  -4.9000000000000004e+00   1.6000000000000001e+00 -1 122 #xyz ev1 fid bid
   0   0.000000000000e+00   0.000000000000e+00   0.000000000000e+00 #flag location
END_ERR 
G3dErrFileVersion 2018P3.1
FlagFileMetaData Begin
   Mesh Size - Setup1, Refinement, Pass #2, Freq. 1.000000e+09 :Title    
   Listing of mesh elements with small segments. :ToolTip  
   hf3d :Author   
   1703053163 :TimeStamp
FlagFileMetaData End
BEGIN_ERR 
26 Small mesh segment detected on body : Radiation_box
 Small mesh segment detected on body : Radiation_box 
 Segment Statistics - Number of Segments : 1 --- Segment length(s) : 0.400000mm. The cutoff frequency for S-Matrix Only Solve is 2.398339664MHz 
3 -1  7  89  # nfids, fids[]
2 122  -1  # nbids, bids[]
      5 3 1 0 #ntets ntri ned npts
          -3.6199999999999996e+01  -1.5000000000000000e+00   1.6000000000000001e+00 #xyz tv0
          -2.8750000000000000e+01  -2.2500000000000000e+01   2.5000000000000000e+01 #xyz tv1
          -3.5799999999999997e+01  -4.9000000000000004e+00   1.6000000000000001e+00 #xyz tv2
          -3.6199999999999996e+01  -4.9000000000000004e+00   1.6000000000000001e+00 -1 122 #xyz tv3 fid bid
          -3.5799999999999997e+01  -4.9000000000000004e+00   1.6000000000000001e+00 #xyz tv0
          -2.8750000000000000e+01  -2.2500000000000000e+01   2.5000000000000000e+01 #xyz tv1
          -3.7500000000000000e+01  -2.5000000000000000e+01   1.6000000000000001e+00 #xyz tv2
          -3.6199999999999996e+01  -4.9000000000000004e+00   1.6000000000000001e+00 -1 122 #xyz tv3 fid bid
          -3.7500000000000000e+01  -2.5000000000000000e+00   2.4617278194535684e-32 #xyz tv0
          -3.6199999999999996e+01  -1.5000000000000000e+00   1.6000000000000001e+00 #xyz tv1
          -3.5799999999999997e+01  -4.9000000000000004e+00   1.6000000000000001e+00 #xyz tv2
          -3.6199999999999996e+01  -4.9000000000000004e+00   1.6000000000000001e+00 -1 122 #xyz tv3 fid bid
          -3.6199999999999996e+01  -4.9000000000000004e+00   1.6000000000000001e+00 #xyz tv0
          -3.5799999999999997e+01  -4.9000000000000004e+00   1.6000000000000001e+00 #xyz tv1
          -3.7500000000000000e+01  -2.5000000000000000e+01   0.0000000000000000e+00 #xyz tv2
          -3.7500000000000000e+01  -2.5000000000000000e+01   1.6000000000000001e+00 -1 122 #xyz tv3 fid bid
          -3.6199999999999996e+01  -4.9000000000000004e+00   1.6000000000000001e+00 #xyz tv0
          -3.7500000000000000e+01  -2.5000000000000000e+00   2.4617278194535684e-32 #xyz tv1
          -3.7500000000000000e+01  -2.5000000000000000e+01   0.0000000000000000e+00 #xyz tv2
          -3.5799999999999997e+01  -4.9000000000000004e+00   1.6000000000000001e+00 -1 122 #xyz tv3 fid bid
          -3.5799999999999997e+01  -4.9000000000000004e+00   1.6000000000000001e+00 #xyz tv0
          -3.6199999999999996e+01  -4.9000000000000004e+00   1.6000000000000001e+00 #xyz tv1
          -3.7500000000000000e+01  -2.5000000000000000e+01   1.6000000000000001e+00 7 -1 #xyz tv2 fid bid
          -3.5799999999999997e+01  -4.9000000000000004e+00   1.6000000000000001e+00 #xyz tv0
          -3.6199999999999996e+01  -1.5000000000000000e+00   1.6000000000000001e+00 #xyz tv1
          -3.6199999999999996e+01  -4.9000000000000004e+00   1.6000000000000001e+00 7 -1 #xyz tv2 fid bid
          -3.5799999999999997e+01  -4.9000000000000004e+00   1.6000000000000001e+00 #xyz tv0
          -3.6199999999999996e+01  -1.5000000000000000e+00   1.6000000000000001e+00 #xyz tv1
          -3.6199999999999996e+01  -4.9000000000000004e+00   1.6000000000000001e+00 89 -1 #xyz tv2 fid bid
          -3.5799999999999997e+01  -4.9000000000000004e+00   1.6000000000000001e+00 #xyz ev0
          -3.6199999999999996e+01  -4.9000000000000004e+00   1.6000000000000001e+00 -1 122 #xyz ev1 fid bid
   0   0.000000000000e+00   0.000000000000e+00   0.000000000000e+00 #flag location
END_ERR 
G3dErrFileVersion 2018P3.1
FlagFileMetaData Begin
   Mesh Size - Setup1, Refinement, Pass #3, Freq. 1.000000e+09 :Title    
   Listing of mesh elements with small segments. :ToolTip  
   hf3d :Author   
   1703053165 :TimeStamp
FlagFileMetaData End
BEGIN_ERR 
26 Small mesh segment detected on body : Radiation_box
 Small mesh segment detected on body : Radiation_box 
 Segment Statistics - Number of Segments : 1 --- Segment length(s) : 0.400000mm. The cutoff frequency for S-Matrix Only Solve is 2.398339664MHz 
3 -1  7  89  # nfids, fids[]
2 122  -1  # nbids, bids[]
      5 3 1 0 #ntets ntri ned npts
          -3.5799999999999997e+01  -4.9000000000000004e+00   1.6000000000000001e+00 #xyz tv0
          -3.2077546296296291e+01  -2.1770833333333336e+01   2.5000000000000000e+01 #xyz tv1
          -3.7500000000000000e+01  -2.5000000000000000e+01   1.6000000000000001e+00 #xyz tv2
          -3.6199999999999996e+01  -4.9000000000000004e+00   1.6000000000000001e+00 -1 122 #xyz tv3 fid bid
          -3.6199999999999996e+01  -1.5000000000000000e+00   1.6000000000000001e+00 #xyz tv0
          -3.2077546296296291e+01  -2.1770833333333336e+01   2.5000000000000000e+01 #xyz tv1
          -3.5799999999999997e+01  -4.9000000000000004e+00   1.6000000000000001e+00 #xyz tv2
          -3.6199999999999996e+01  -4.9000000000000004e+00   1.6000000000000001e+00 -1 122 #xyz tv3 fid bid
          -3.7500000000000000e+01  -2.5000000000000000e+00   2.4617278194535684e-32 #xyz tv0
          -3.6199999999999996e+01  -1.5000000000000000e+00   1.6000000000000001e+00 #xyz tv1
          -3.5799999999999997e+01  -4.9000000000000004e+00   1.6000000000000001e+00 #xyz tv2
          -3.6199999999999996e+01  -4.9000000000000004e+00   1.6000000000000001e+00 -1 122 #xyz tv3 fid bid
          -3.6199999999999996e+01  -4.9000000000000004e+00   1.6000000000000001e+00 #xyz tv0
          -3.5799999999999997e+01  -4.9000000000000004e+00   1.6000000000000001e+00 #xyz tv1
          -3.7500000000000000e+01  -2.5000000000000000e+01   0.0000000000000000e+00 #xyz tv2
          -3.7500000000000000e+01  -2.5000000000000000e+01   1.6000000000000001e+00 -1 122 #xyz tv3 fid bid
          -3.6199999999999996e+01  -4.9000000000000004e+00   1.6000000000000001e+00 #xyz tv0
          -3.7500000000000000e+01  -2.5000000000000000e+00   2.4617278194535684e-32 #xyz tv1
          -3.7500000000000000e+01  -2.5000000000000000e+01   0.0000000000000000e+00 #xyz tv2
          -3.5799999999999997e+01  -4.9000000000000004e+00   1.6000000000000001e+00 -1 122 #xyz tv3 fid bid
          -3.5799999999999997e+01  -4.9000000000000004e+00   1.6000000000000001e+00 #xyz tv0
          -3.6199999999999996e+01  -4.9000000000000004e+00   1.6000000000000001e+00 #xyz tv1
          -3.7500000000000000e+01  -2.5000000000000000e+01   1.6000000000000001e+00 7 -1 #xyz tv2 fid bid
          -3.5799999999999997e+01  -4.9000000000000004e+00   1.6000000000000001e+00 #xyz tv0
          -3.6199999999999996e+01  -1.5000000000000000e+00   1.6000000000000001e+00 #xyz tv1
          -3.6199999999999996e+01  -4.9000000000000004e+00   1.6000000000000001e+00 7 -1 #xyz tv2 fid bid
          -3.5799999999999997e+01  -4.9000000000000004e+00   1.6000000000000001e+00 #xyz tv0
          -3.6199999999999996e+01  -1.5000000000000000e+00   1.6000000000000001e+00 #xyz tv1
          -3.6199999999999996e+01  -4.9000000000000004e+00   1.6000000000000001e+00 89 -1 #xyz tv2 fid bid
          -3.5799999999999997e+01  -4.9000000000000004e+00   1.6000000000000001e+00 #xyz ev0
          -3.6199999999999996e+01  -4.9000000000000004e+00   1.6000000000000001e+00 -1 122 #xyz ev1 fid bid
   0   0.000000000000e+00   0.000000000000e+00   0.000000000000e+00 #flag location
END_ERR 
G3dErrFileVersion 2018P3.1
FlagFileMetaData Begin
   Mesh Size - Setup1, Refinement, Pass #4, Freq. 1.000000e+09 :Title    
   Listing of mesh elements with small segments. :ToolTip  
   hf3d :Author   
   1703053168 :TimeStamp
FlagFileMetaData End
BEGIN_ERR 
26 Small mesh segment detected on body : Radiation_box
 Small mesh segment detected on body : Radiation_box 
 Segment Statistics - Number of Segments : 1 --- Segment length(s) : 0.400000mm. The cutoff frequency for S-Matrix Only Solve is 2.398339664MHz 
3 -1  7  89  # nfids, fids[]
2 122  -1  # nbids, bids[]
      6 3 1 0 #ntets ntri ned npts
          -3.6199999999999996e+01  -4.9000000000000004e+00   1.6000000000000001e+00 #xyz tv0
          -2.8098958333333332e+01   3.2812500000000000e+00   2.5000000000000000e+01 #xyz tv1
          -3.5799999999999997e+01  -4.9000000000000004e+00   1.6000000000000001e+00 #xyz tv2
          -3.2442425615650919e+01  -1.8953051513815403e+01   2.5000000000000000e+01 -1 122 #xyz tv3 fid bid
          -3.6199999999999996e+01  -4.9000000000000004e+00   1.6000000000000001e+00 #xyz tv0
          -3.5799999999999997e+01  -4.9000000000000004e+00   1.6000000000000001e+00 #xyz tv1
          -2.8098958333333332e+01   3.2812500000000000e+00   2.5000000000000000e+01 #xyz tv2
          -3.6199999999999996e+01  -1.5000000000000000e+00   1.6000000000000001e+00 -1 122 #xyz tv3 fid bid
          -3.5799999999999997e+01  -4.9000000000000004e+00   1.6000000000000001e+00 #xyz tv0
          -3.2442425615650919e+01  -1.8953051513815403e+01   2.5000000000000000e+01 #xyz tv1
          -3.7500000000000000e+01  -2.5000000000000000e+01   1.6000000000000001e+00 #xyz tv2
          -3.6199999999999996e+01  -4.9000000000000004e+00   1.6000000000000001e+00 -1 122 #xyz tv3 fid bid
          -3.7500000000000000e+01  -2.5000000000000000e+00   2.4617278194535684e-32 #xyz tv0
          -3.6199999999999996e+01  -1.5000000000000000e+00   1.6000000000000001e+00 #xyz tv1
          -3.5799999999999997e+01  -4.9000000000000004e+00   1.6000000000000001e+00 #xyz tv2
          -3.6199999999999996e+01  -4.9000000000000004e+00   1.6000000000000001e+00 -1 122 #xyz tv3 fid bid
          -3.6199999999999996e+01  -4.9000000000000004e+00   1.6000000000000001e+00 #xyz tv0
          -3.5799999999999997e+01  -4.9000000000000004e+00   1.6000000000000001e+00 #xyz tv1
          -3.7500000000000000e+01  -2.5000000000000000e+01   0.0000000000000000e+00 #xyz tv2
          -3.7500000000000000e+01  -2.5000000000000000e+01   1.6000000000000001e+00 -1 122 #xyz tv3 fid bid
          -3.6199999999999996e+01  -4.9000000000000004e+00   1.6000000000000001e+00 #xyz tv0
          -3.7500000000000000e+01  -2.5000000000000000e+00   2.4617278194535684e-32 #xyz tv1
          -3.7500000000000000e+01  -2.5000000000000000e+01   0.0000000000000000e+00 #xyz tv2
          -3.5799999999999997e+01  -4.9000000000000004e+00   1.6000000000000001e+00 -1 122 #xyz tv3 fid bid
          -3.5799999999999997e+01  -4.9000000000000004e+00   1.6000000000000001e+00 #xyz tv0
          -3.6199999999999996e+01  -4.9000000000000004e+00   1.6000000000000001e+00 #xyz tv1
          -3.7500000000000000e+01  -2.5000000000000000e+01   1.6000000000000001e+00 7 -1 #xyz tv2 fid bid
          -3.5799999999999997e+01  -4.9000000000000004e+00   1.6000000000000001e+00 #xyz tv0
          -3.6199999999999996e+01  -1.5000000000000000e+00   1.6000000000000001e+00 #xyz tv1
          -3.6199999999999996e+01  -4.9000000000000004e+00   1.6000000000000001e+00 7 -1 #xyz tv2 fid bid
          -3.5799999999999997e+01  -4.9000000000000004e+00   1.6000000000000001e+00 #xyz tv0
          -3.6199999999999996e+01  -1.5000000000000000e+00   1.6000000000000001e+00 #xyz tv1
          -3.6199999999999996e+01  -4.9000000000000004e+00   1.6000000000000001e+00 89 -1 #xyz tv2 fid bid
          -3.5799999999999997e+01  -4.9000000000000004e+00   1.6000000000000001e+00 #xyz ev0
          -3.6199999999999996e+01  -4.9000000000000004e+00   1.6000000000000001e+00 -1 122 #xyz ev1 fid bid
   0   0.000000000000e+00   0.000000000000e+00   0.000000000000e+00 #flag location
END_ERR 
G3dErrFileVersion 2018P3.1
FlagFileMetaData Begin
   Mesh Size - Setup1, Refinement, Pass #5, Freq. 1.000000e+09 :Title    
   Listing of mesh elements with small segments. :ToolTip  
   hf3d :Author   
   1703053170 :TimeStamp
FlagFileMetaData End
BEGIN_ERR 
26 Small mesh segment detected on body : Radiation_box
 Small mesh segment detected on body : Radiation_box 
 Segment Statistics - Number of Segments : 1 --- Segment length(s) : 0.400000mm. The cutoff frequency for S-Matrix Only Solve is 2.398339664MHz 
3 -1  7  89  # nfids, fids[]
2 122  -1  # nbids, bids[]
      6 3 1 0 #ntets ntri ned npts
          -3.6199999999999996e+01  -4.9000000000000004e+00   1.6000000000000001e+00 #xyz tv0
          -2.8098958333333332e+01   3.2812500000000000e+00   2.5000000000000000e+01 #xyz tv1
          -3.5799999999999997e+01  -4.9000000000000004e+00   1.6000000000000001e+00 #xyz tv2
          -3.2604594202030754e+01  -1.7563985288474100e+01   2.5000000000000000e+01 -1 122 #xyz tv3 fid bid
          -3.6199999999999996e+01  -4.9000000000000004e+00   1.6000000000000001e+00 #xyz tv0
          -3.5799999999999997e+01  -4.9000000000000004e+00   1.6000000000000001e+00 #xyz tv1
          -2.8098958333333332e+01   3.2812500000000000e+00   2.5000000000000000e+01 #xyz tv2
          -3.6199999999999996e+01  -1.5000000000000000e+00   1.6000000000000001e+00 -1 122 #xyz tv3 fid bid
          -3.5799999999999997e+01  -4.9000000000000004e+00   1.6000000000000001e+00 #xyz tv0
          -3.2604594202030754e+01  -1.7563985288474100e+01   2.5000000000000000e+01 #xyz tv1
          -3.7500000000000000e+01  -2.5000000000000000e+01   1.6000000000000001e+00 #xyz tv2
          -3.6199999999999996e+01  -4.9000000000000004e+00   1.6000000000000001e+00 -1 122 #xyz tv3 fid bid
          -3.7500000000000000e+01  -2.5000000000000000e+00   2.4617278194535684e-32 #xyz tv0
          -3.6199999999999996e+01  -1.5000000000000000e+00   1.6000000000000001e+00 #xyz tv1
          -3.5799999999999997e+01  -4.9000000000000004e+00   1.6000000000000001e+00 #xyz tv2
          -3.6199999999999996e+01  -4.9000000000000004e+00   1.6000000000000001e+00 -1 122 #xyz tv3 fid bid
          -3.6199999999999996e+01  -4.9000000000000004e+00   1.6000000000000001e+00 #xyz tv0
          -3.5799999999999997e+01  -4.9000000000000004e+00   1.6000000000000001e+00 #xyz tv1
          -3.7500000000000000e+01  -2.5000000000000000e+01   0.0000000000000000e+00 #xyz tv2
          -3.7500000000000000e+01  -2.5000000000000000e+01   1.6000000000000001e+00 -1 122 #xyz tv3 fid bid
          -3.6199999999999996e+01  -4.9000000000000004e+00   1.6000000000000001e+00 #xyz tv0
          -3.7500000000000000e+01  -2.5000000000000000e+00   2.4617278194535684e-32 #xyz tv1
          -3.7500000000000000e+01  -2.5000000000000000e+01   0.0000000000000000e+00 #xyz tv2
          -3.5799999999999997e+01  -4.9000000000000004e+00   1.6000000000000001e+00 -1 122 #xyz tv3 fid bid
          -3.5799999999999997e+01  -4.9000000000000004e+00   1.6000000000000001e+00 #xyz tv0
          -3.6199999999999996e+01  -4.9000000000000004e+00   1.6000000000000001e+00 #xyz tv1
          -3.7500000000000000e+01  -2.5000000000000000e+01   1.6000000000000001e+00 7 -1 #xyz tv2 fid bid
          -3.5799999999999997e+01  -4.9000000000000004e+00   1.6000000000000001e+00 #xyz tv0
          -3.6199999999999996e+01  -1.5000000000000000e+00   1.6000000000000001e+00 #xyz tv1
          -3.6199999999999996e+01  -4.9000000000000004e+00   1.6000000000000001e+00 7 -1 #xyz tv2 fid bid
          -3.5799999999999997e+01  -4.9000000000000004e+00   1.6000000000000001e+00 #xyz tv0
          -3.6199999999999996e+01  -1.5000000000000000e+00   1.6000000000000001e+00 #xyz tv1
          -3.6199999999999996e+01  -4.9000000000000004e+00   1.6000000000000001e+00 89 -1 #xyz tv2 fid bid
          -3.5799999999999997e+01  -4.9000000000000004e+00   1.6000000000000001e+00 #xyz ev0
          -3.6199999999999996e+01  -4.9000000000000004e+00   1.6000000000000001e+00 -1 122 #xyz ev1 fid bid
   0   0.000000000000e+00   0.000000000000e+00   0.000000000000e+00 #flag location
END_ERR 
G3dErrFileVersion 2018P3.1
FlagFileMetaData Begin
   Mesh Size - Setup1, Refinement, Pass #6, Freq. 1.000000e+09 :Title    
   Listing of mesh elements with small segments. :ToolTip  
   hf3d :Author   
   1703053173 :TimeStamp
FlagFileMetaData End
BEGIN_ERR 
26 Small mesh segment detected on body : Substrate
 Small mesh segment detected on body : Substrate 
 Segment Statistics - Number of Segments : 1 --- Segment length(s) : 0.373585mm. The cutoff frequency for S-Matrix Only Solve is 2.398339664MHz 
1 -1  # nfids, fids[]
1 6  # nbids, bids[]
      6 0 1 0 #ntets ntri ned npts
          -2.2000000000000000e+01   0.0000000000000000e+00   0.0000000000000000e+00 #xyz tv0
          -2.1000000000000000e+01   2.9999999999999999e-01   0.0000000000000000e+00 #xyz tv1
          -2.1047934097541802e+01   4.8548886593204787e-01   3.2072139003673095e-01 #xyz tv2
          -2.2000000000000000e+01   1.3000000000000003e+00   0.0000000000000000e+00 -1 6 #xyz tv3 fid bid
          -2.1047934097541802e+01   4.8548886593204787e-01   3.2072139003673095e-01 #xyz tv0
          -2.2000000000000000e+01   0.0000000000000000e+00   0.0000000000000000e+00 #xyz tv1
          -2.1000000000000000e+01  -2.9999999999999999e-01   0.0000000000000000e+00 #xyz tv2
          -2.1000000000000000e+01   2.9999999999999999e-01   0.0000000000000000e+00 -1 6 #xyz tv3 fid bid
          -2.0656250000000000e+01   1.3000000000000003e+00   0.0000000000000000e+00 #xyz tv0
          -2.1047934097541802e+01   4.8548886593204787e-01   3.2072139003673095e-01 #xyz tv1
          -2.1000000000000000e+01   2.9999999999999999e-01   0.0000000000000000e+00 #xyz tv2
          -2.2000000000000000e+01   1.3000000000000003e+00   0.0000000000000000e+00 -1 6 #xyz tv3 fid bid
          -2.1000000000000000e+01  -2.9999999999999999e-01   0.0000000000000000e+00 #xyz tv0
          -2.1047934097541802e+01   4.8548886593204787e-01   3.2072139003673095e-01 #xyz tv1
          -2.1000000000000000e+01   2.9999999999999999e-01   0.0000000000000000e+00 #xyz tv2
          -2.0017296306288110e+01   9.7302571166207580e-02   6.3971820477502295e-01 -1 6 #xyz tv3 fid bid
          -2.0017296306288110e+01   9.7302571166207580e-02   6.3971820477502295e-01 #xyz tv0
          -1.8571075439453125e+01   1.3000000000000003e+00   0.0000000000000000e+00 #xyz tv1
          -2.1047934097541802e+01   4.8548886593204787e-01   3.2072139003673095e-01 #xyz tv2
          -2.1000000000000000e+01   2.9999999999999999e-01   0.0000000000000000e+00 -1 6 #xyz tv3 fid bid
          -2.0656250000000000e+01   1.3000000000000003e+00   0.0000000000000000e+00 #xyz tv0
          -2.1000000000000000e+01   2.9999999999999999e-01   0.0000000000000000e+00 #xyz tv1
          -2.1047934097541802e+01   4.8548886593204787e-01   3.2072139003673095e-01 #xyz tv2
          -1.8571075439453125e+01   1.3000000000000003e+00   0.0000000000000000e+00 -1 6 #xyz tv3 fid bid
          -2.1047934097541802e+01   4.8548886593204787e-01   3.2072139003673095e-01 #xyz ev0
          -2.1000000000000000e+01   2.9999999999999999e-01   0.0000000000000000e+00 -1 6 #xyz ev1 fid bid
   0   0.000000000000e+00   0.000000000000e+00   0.000000000000e+00 #flag location
END_ERR 
