G3dErrFileVersion 2018P3.1
FlagFileMetaData Begin
   Mesh Size - Setup1, Refinement, Pass #1, Freq. 1.000000e+09 :Title    
   Listing of mesh elements with small segments. :ToolTip  
   hf3d :Author   
   1701877268 :TimeStamp
FlagFileMetaData End
BEGIN_ERR 
26 Small mesh segment detected on body : Radiation_box
 Small mesh segment detected on body : Radiation_box 
 Segment Statistics - Number of Segments : 1 --- Segment length(s) : 0.100000mm. The cutoff frequency for S-Matrix Only Solve is 3.25861367391304MHz 
3 -1  8  44  # nfids, fids[]
2 101  -1  # nbids, bids[]
      6 4 1 0 #ntets ntri ned npts
           4.9500000000000000e+01   2.5050000000000011e+01   0.0000000000000000e+00 #xyz tv0
           7.5000000000000000e+01   2.5000000000000000e+01  -6.9388939039072313e-16 #xyz tv1
           3.8000000000000000e+01   2.2999999999999996e+01  -2.0000000000000000e+00 #xyz tv2
           4.9500000000000000e+01   2.4949999999999999e+01   0.0000000000000000e+00 -1 101 #xyz tv3 fid bid
           4.9500000000000000e+01   2.5050000000000011e+01   0.0000000000000000e+00 #xyz tv0
           4.9500000000000000e+01   2.4949999999999999e+01   0.0000000000000000e+00 #xyz tv1
           3.8000000000000000e+01   2.2999999999999996e+01  -2.0000000000000000e+00 #xyz tv2
           4.7500000000000000e+01   2.5050000000000011e+01   0.0000000000000000e+00 -1 101 #xyz tv3 fid bid
           7.5000000000000000e+01   2.5750000000000004e+01   7.9999999999999971e-01 #xyz tv0
           4.9500000000000000e+01   2.5050000000000011e+01   0.0000000000000000e+00 #xyz tv1
           4.9500000000000000e+01   2.4949999999999999e+01   0.0000000000000000e+00 #xyz tv2
           7.5000000000000000e+01   2.5000000000000000e+01  -6.9388939039072313e-16 -1 101 #xyz tv3 fid bid
           4.7500000000000000e+01   2.5050000000000011e+01   0.0000000000000000e+00 #xyz tv0
           4.9500000000000000e+01   2.5050000000000011e+01   0.0000000000000000e+00 #xyz tv1
           4.9500000000000000e+01   2.4949999999999999e+01   0.0000000000000000e+00 #xyz tv2
           4.6700000000000003e+01   2.3196874999999999e+01   7.8000000000000014e-01 -1 101 #xyz tv3 fid bid
           7.5000000000000000e+01   2.5750000000000004e+01   7.9999999999999971e-01 #xyz tv0
           4.9500000000000000e+01   2.4949999999999999e+01   0.0000000000000000e+00 #xyz tv1
           4.9500000000000000e+01   2.5050000000000011e+01   0.0000000000000000e+00 #xyz tv2
           7.5000000000000000e+01   2.6500000000000000e+01   1.6000000000000001e+00 -1 101 #xyz tv3 fid bid
           7.5000000000000000e+01   2.6500000000000000e+01   1.6000000000000001e+00 #xyz tv0
           4.9500000000000000e+01   2.5050000000000011e+01   0.0000000000000000e+00 #xyz tv1
           4.6700000000000003e+01   2.3196874999999999e+01   7.8000000000000014e-01 #xyz tv2
           4.9500000000000000e+01   2.4949999999999999e+01   0.0000000000000000e+00 -1 101 #xyz tv3 fid bid
           4.7500000000000000e+01   2.5050000000000011e+01   0.0000000000000000e+00 #xyz tv0
           4.9500000000000000e+01   2.5050000000000011e+01   0.0000000000000000e+00 #xyz tv1
           4.9500000000000000e+01   2.4949999999999999e+01   0.0000000000000000e+00 8 -1 #xyz tv2 fid bid
           4.7500000000000000e+01   2.5050000000000011e+01   0.0000000000000000e+00 #xyz tv0
           4.9500000000000000e+01   2.5050000000000011e+01   0.0000000000000000e+00 #xyz tv1
           4.9500000000000000e+01   2.4949999999999999e+01   0.0000000000000000e+00 44 -1 #xyz tv2 fid bid
           4.9500000000000000e+01   2.5050000000000011e+01   0.0000000000000000e+00 #xyz tv0
           7.5000000000000000e+01   2.5000000000000000e+01  -6.9388939039072313e-16 #xyz tv1
           4.9500000000000000e+01   2.4949999999999999e+01   0.0000000000000000e+00 8 -1 #xyz tv2 fid bid
           4.9500000000000000e+01   2.5050000000000011e+01   0.0000000000000000e+00 #xyz tv0
           7.5000000000000000e+01   2.5000000000000000e+01  -6.9388939039072313e-16 #xyz tv1
           4.9500000000000000e+01   2.4949999999999999e+01   0.0000000000000000e+00 44 -1 #xyz tv2 fid bid
           4.9500000000000000e+01   2.5050000000000011e+01   0.0000000000000000e+00 #xyz ev0
           4.9500000000000000e+01   2.4949999999999999e+01   0.0000000000000000e+00 -1 101 #xyz ev1 fid bid
   0   0.000000000000e+00   0.000000000000e+00   0.000000000000e+00 #flag location
END_ERR 
G3dErrFileVersion 2018P3.1
FlagFileMetaData Begin
   Mesh Size - Setup1, Refinement, Pass #2, Freq. 1.000000e+09 :Title    
   Listing of mesh elements with small segments. :ToolTip  
   hf3d :Author   
   1701877271 :TimeStamp
FlagFileMetaData End
BEGIN_ERR 
26 Small mesh segment detected on body : Radiation_box
 Small mesh segment detected on body : Radiation_box 
 Segment Statistics - Number of Segments : 1 --- Segment length(s) : 0.100000mm. The cutoff frequency for S-Matrix Only Solve is 3.25861367391304MHz 
3 -1  8  44  # nfids, fids[]
2 101  -1  # nbids, bids[]
      7 4 1 0 #ntets ntri ned npts
           4.9500000000000000e+01   2.5050000000000015e+01   0.0000000000000000e+00 #xyz tv0
           6.4611111111111100e+01   1.8570674189814817e+01  -5.1049525439359935e-16 #xyz tv1
           3.9825396825396837e+01   2.4388888888888886e+01  -2.0000000000000000e+00 #xyz tv2
           4.9500000000000000e+01   2.4949999999999999e+01   0.0000000000000000e+00 -1 101 #xyz tv3 fid bid
           4.9500000000000000e+01   2.5050000000000015e+01   0.0000000000000000e+00 #xyz tv0
           4.9500000000000000e+01   2.4949999999999999e+01   0.0000000000000000e+00 #xyz tv1
           3.9825396825396837e+01   2.4388888888888886e+01  -2.0000000000000000e+00 #xyz tv2
           4.7500000000000000e+01   2.5050000000000015e+01   0.0000000000000000e+00 -1 101 #xyz tv3 fid bid
           4.9500000000000000e+01   2.5050000000000015e+01   0.0000000000000000e+00 #xyz tv0
           7.5000000000000000e+01   2.5628668559460820e+01   8.6971952632904981e-01 #xyz tv1
           6.4611111111111100e+01   1.8570674189814817e+01  -5.1049525439359935e-16 #xyz tv2
           4.9500000000000000e+01   2.4949999999999999e+01   0.0000000000000000e+00 -1 101 #xyz tv3 fid bid
           4.7500000000000000e+01   2.5050000000000015e+01   0.0000000000000000e+00 #xyz tv0
           4.9500000000000000e+01   2.5050000000000015e+01   0.0000000000000000e+00 #xyz tv1
           4.9500000000000000e+01   2.4949999999999999e+01   0.0000000000000000e+00 #xyz tv2
           4.6700000000000003e+01   2.3196874999999999e+01   7.8000000000000025e-01 -1 101 #xyz tv3 fid bid
           7.5000000000000000e+01   2.5628668559460820e+01   8.6971952632904981e-01 #xyz tv0
           4.9500000000000000e+01   2.4949999999999999e+01   0.0000000000000000e+00 #xyz tv1
           4.9500000000000000e+01   2.5050000000000015e+01   0.0000000000000000e+00 #xyz tv2
           7.5000000000000000e+01   2.6500000000000000e+01   1.6000000000000001e+00 -1 101 #xyz tv3 fid bid
           4.9500000000000000e+01   2.4949999999999999e+01   0.0000000000000000e+00 #xyz tv0
           4.9500000000000000e+01   2.5050000000000015e+01   0.0000000000000000e+00 #xyz tv1
           5.6250000000000000e+01   2.6500000000000000e+01   1.6000000000000001e+00 #xyz tv2
           4.6700000000000003e+01   2.3196874999999999e+01   7.8000000000000025e-01 -1 101 #xyz tv3 fid bid
           4.9500000000000000e+01   2.4949999999999999e+01   0.0000000000000000e+00 #xyz tv0
           7.5000000000000000e+01   2.6500000000000000e+01   1.6000000000000001e+00 #xyz tv1
           5.6250000000000000e+01   2.6500000000000000e+01   1.6000000000000001e+00 #xyz tv2
           4.9500000000000000e+01   2.5050000000000015e+01   0.0000000000000000e+00 -1 101 #xyz tv3 fid bid
           4.7500000000000000e+01   2.5050000000000015e+01   0.0000000000000000e+00 #xyz tv0
           4.9500000000000000e+01   2.5050000000000015e+01   0.0000000000000000e+00 #xyz tv1
           4.9500000000000000e+01   2.4949999999999999e+01   0.0000000000000000e+00 8 -1 #xyz tv2 fid bid
           4.7500000000000000e+01   2.5050000000000015e+01   0.0000000000000000e+00 #xyz tv0
           4.9500000000000000e+01   2.5050000000000015e+01   0.0000000000000000e+00 #xyz tv1
           4.9500000000000000e+01   2.4949999999999999e+01   0.0000000000000000e+00 44 -1 #xyz tv2 fid bid
           4.9500000000000000e+01   2.5050000000000015e+01   0.0000000000000000e+00 #xyz tv0
           6.4611111111111100e+01   1.8570674189814817e+01  -5.1049525439359935e-16 #xyz tv1
           4.9500000000000000e+01   2.4949999999999999e+01   0.0000000000000000e+00 8 -1 #xyz tv2 fid bid
           4.9500000000000000e+01   2.5050000000000015e+01   0.0000000000000000e+00 #xyz tv0
           6.4611111111111100e+01   1.8570674189814817e+01  -5.1049525439359935e-16 #xyz tv1
           4.9500000000000000e+01   2.4949999999999999e+01   0.0000000000000000e+00 44 -1 #xyz tv2 fid bid
           4.9500000000000000e+01   2.5050000000000015e+01   0.0000000000000000e+00 #xyz ev0
           4.9500000000000000e+01   2.4949999999999999e+01   0.0000000000000000e+00 -1 101 #xyz ev1 fid bid
   0   0.000000000000e+00   0.000000000000e+00   0.000000000000e+00 #flag location
END_ERR 
G3dErrFileVersion 2018P3.1
FlagFileMetaData Begin
   Mesh Size - Setup1, Refinement, Pass #3, Freq. 1.000000e+09 :Title    
   Listing of mesh elements with small segments. :ToolTip  
   hf3d :Author   
   1701877273 :TimeStamp
FlagFileMetaData End
BEGIN_ERR 
26 Small mesh segment detected on body : Radiation_box
 Small mesh segment detected on body : Radiation_box 
 Segment Statistics - Number of Segments : 1 --- Segment length(s) : 0.100000mm. The cutoff frequency for S-Matrix Only Solve is 3.25861367391304MHz 
3 -1  8  44  # nfids, fids[]
2 101  -1  # nbids, bids[]
      5 4 1 0 #ntets ntri ned npts
           4.7500000000000000e+01   2.5050000000000018e+01   0.0000000000000000e+00 #xyz tv0
           4.9500000000000000e+01   2.5050000000000018e+01   0.0000000000000000e+00 #xyz tv1
           6.1456349206349209e+01   2.3347222222222221e+01  -2.0000000000000000e+00 #xyz tv2
           4.9500000000000000e+01   2.4949999999999999e+01   0.0000000000000000e+00 -1 101 #xyz tv3 fid bid
           4.9500000000000000e+01   2.4949999999999999e+01   0.0000000000000000e+00 #xyz tv0
           6.1456349206349209e+01   2.3347222222222221e+01  -2.0000000000000000e+00 #xyz tv1
           6.2250000000000000e+01   2.6525000000000009e+01  -1.3785675788939972e-31 #xyz tv2
           4.9500000000000000e+01   2.5050000000000018e+01   0.0000000000000000e+00 -1 101 #xyz tv3 fid bid
           4.9500000000000000e+01   2.4949999999999999e+01   0.0000000000000000e+00 #xyz tv0
           4.6875000000000000e+01   2.6500000000000000e+01   1.6000000000000001e+00 #xyz tv1
           4.7500000000000000e+01   2.5050000000000018e+01   0.0000000000000000e+00 #xyz tv2
           4.9500000000000000e+01   2.5050000000000018e+01   0.0000000000000000e+00 -1 101 #xyz tv3 fid bid
           6.2250000000000000e+01   2.6525000000000009e+01  -1.3785675788939972e-31 #xyz tv0
           5.6250000000000000e+01   2.6500000000000000e+01   1.6000000000000001e+00 #xyz tv1
           4.9500000000000000e+01   2.4949999999999999e+01   0.0000000000000000e+00 #xyz tv2
           4.9500000000000000e+01   2.5050000000000018e+01   0.0000000000000000e+00 -1 101 #xyz tv3 fid bid
           4.9500000000000000e+01   2.5050000000000018e+01   0.0000000000000000e+00 #xyz tv0
           4.9500000000000000e+01   2.4949999999999999e+01   0.0000000000000000e+00 #xyz tv1
           4.6875000000000000e+01   2.6500000000000000e+01   1.6000000000000001e+00 #xyz tv2
           5.6250000000000000e+01   2.6500000000000000e+01   1.6000000000000001e+00 -1 101 #xyz tv3 fid bid
           4.7500000000000000e+01   2.5050000000000018e+01   0.0000000000000000e+00 #xyz tv0
           4.9500000000000000e+01   2.5050000000000018e+01   0.0000000000000000e+00 #xyz tv1
           4.9500000000000000e+01   2.4949999999999999e+01   0.0000000000000000e+00 8 -1 #xyz tv2 fid bid
           4.7500000000000000e+01   2.5050000000000018e+01   0.0000000000000000e+00 #xyz tv0
           4.9500000000000000e+01   2.5050000000000018e+01   0.0000000000000000e+00 #xyz tv1
           4.9500000000000000e+01   2.4949999999999999e+01   0.0000000000000000e+00 44 -1 #xyz tv2 fid bid
           6.2250000000000000e+01   2.6525000000000009e+01  -1.3785675788939972e-31 #xyz tv0
           4.9500000000000000e+01   2.4949999999999999e+01   0.0000000000000000e+00 #xyz tv1
           4.9500000000000000e+01   2.5050000000000018e+01   0.0000000000000000e+00 8 -1 #xyz tv2 fid bid
           6.2250000000000000e+01   2.6525000000000009e+01  -1.3785675788939972e-31 #xyz tv0
           4.9500000000000000e+01   2.4949999999999999e+01   0.0000000000000000e+00 #xyz tv1
           4.9500000000000000e+01   2.5050000000000018e+01   0.0000000000000000e+00 44 -1 #xyz tv2 fid bid
           4.9500000000000000e+01   2.5050000000000018e+01   0.0000000000000000e+00 #xyz ev0
           4.9500000000000000e+01   2.4949999999999999e+01   0.0000000000000000e+00 -1 101 #xyz ev1 fid bid
   0   0.000000000000e+00   0.000000000000e+00   0.000000000000e+00 #flag location
END_ERR 
G3dErrFileVersion 2018P3.1
FlagFileMetaData Begin
   Mesh Size - Setup1, Refinement, Pass #4, Freq. 1.000000e+09 :Title    
   Listing of mesh elements with small segments. :ToolTip  
   hf3d :Author   
   1701877275 :TimeStamp
FlagFileMetaData End
BEGIN_ERR 
26 Small mesh segment detected on body : Radiation_box
 Small mesh segment detected on body : Radiation_box 
 Segment Statistics - Number of Segments : 1 --- Segment length(s) : 0.100000mm. The cutoff frequency for S-Matrix Only Solve is 3.25861367391304MHz 
3 -1  8  44  # nfids, fids[]
2 101  -1  # nbids, bids[]
      4 4 1 0 #ntets ntri ned npts
           5.8450547052730968e+01   2.4050831699855806e+01  -2.0000000000000000e+00 #xyz tv0
           4.9500000000000000e+01   2.5050000000000018e+01   0.0000000000000000e+00 #xyz tv1
           5.6141311005724219e+01   2.1540834091190995e+01  -1.8056648995316063e-16 #xyz tv2
           4.9500000000000000e+01   2.4949999999999999e+01   0.0000000000000000e+00 -1 101 #xyz tv3 fid bid
           5.0082568824291236e+01   2.3500000000000000e+01   1.6000000000000001e+00 #xyz tv0
           5.6141311005724219e+01   2.1540834091190995e+01  -1.8056648995316063e-16 #xyz tv1
           4.9500000000000000e+01   2.5050000000000018e+01   0.0000000000000000e+00 #xyz tv2
           4.9500000000000000e+01   2.4949999999999999e+01   0.0000000000000000e+00 -1 101 #xyz tv3 fid bid
           4.7500000000000000e+01   2.5050000000000018e+01   0.0000000000000000e+00 #xyz tv0
           4.9500000000000000e+01   2.5050000000000018e+01   0.0000000000000000e+00 #xyz tv1
           5.8450547052730968e+01   2.4050831699855806e+01  -2.0000000000000000e+00 #xyz tv2
           4.9500000000000000e+01   2.4949999999999999e+01   0.0000000000000000e+00 -1 101 #xyz tv3 fid bid
           5.0082568824291236e+01   2.3500000000000000e+01   1.6000000000000001e+00 #xyz tv0
           4.9500000000000000e+01   2.5050000000000018e+01   0.0000000000000000e+00 #xyz tv1
           4.7500000000000000e+01   2.5050000000000018e+01   0.0000000000000000e+00 #xyz tv2
           4.9500000000000000e+01   2.4949999999999999e+01   0.0000000000000000e+00 -1 101 #xyz tv3 fid bid
           4.7500000000000000e+01   2.5050000000000018e+01   0.0000000000000000e+00 #xyz tv0
           4.9500000000000000e+01   2.5050000000000018e+01   0.0000000000000000e+00 #xyz tv1
           4.9500000000000000e+01   2.4949999999999999e+01   0.0000000000000000e+00 8 -1 #xyz tv2 fid bid
           4.7500000000000000e+01   2.5050000000000018e+01   0.0000000000000000e+00 #xyz tv0
           4.9500000000000000e+01   2.5050000000000018e+01   0.0000000000000000e+00 #xyz tv1
           4.9500000000000000e+01   2.4949999999999999e+01   0.0000000000000000e+00 44 -1 #xyz tv2 fid bid
           4.9500000000000000e+01   2.5050000000000018e+01   0.0000000000000000e+00 #xyz tv0
           5.6141311005724219e+01   2.1540834091190995e+01  -1.8056648995316063e-16 #xyz tv1
           4.9500000000000000e+01   2.4949999999999999e+01   0.0000000000000000e+00 8 -1 #xyz tv2 fid bid
           4.9500000000000000e+01   2.5050000000000018e+01   0.0000000000000000e+00 #xyz tv0
           5.6141311005724219e+01   2.1540834091190995e+01  -1.8056648995316063e-16 #xyz tv1
           4.9500000000000000e+01   2.4949999999999999e+01   0.0000000000000000e+00 44 -1 #xyz tv2 fid bid
           4.9500000000000000e+01   2.5050000000000018e+01   0.0000000000000000e+00 #xyz ev0
           4.9500000000000000e+01   2.4949999999999999e+01   0.0000000000000000e+00 -1 101 #xyz ev1 fid bid
   0   0.000000000000e+00   0.000000000000e+00   0.000000000000e+00 #flag location
END_ERR 
G3dErrFileVersion 2018P3.1
FlagFileMetaData Begin
   Mesh Size - Setup1, Refinement, Pass #5, Freq. 1.000000e+09 :Title    
   Listing of mesh elements with small segments. :ToolTip  
   hf3d :Author   
   1701877278 :TimeStamp
FlagFileMetaData End
BEGIN_ERR 
26 Small mesh segment detected on body : Radiation_box
 Small mesh segment detected on body : Radiation_box 
 Segment Statistics - Number of Segments : 1 --- Segment length(s) : 0.100000mm. The cutoff frequency for S-Matrix Only Solve is 3.25861367391304MHz 
3 -1  8  44  # nfids, fids[]
2 101  -1  # nbids, bids[]
      5 4 1 0 #ntets ntri ned npts
           4.8276634131815229e+01   2.4384958852468337e+01  -2.0000000000000000e+00 #xyz tv0
           4.9500000000000000e+01   2.4949999999999999e+01   0.0000000000000000e+00 #xyz tv1
           4.9500000000000000e+01   2.5050000000000018e+01   0.0000000000000000e+00 #xyz tv2
           5.0626191550524815e+01   2.4353747307197516e+01  -6.4125881834215182e-01 -1 101 #xyz tv3 fid bid
           4.9500000000000000e+01   2.5050000000000018e+01   0.0000000000000000e+00 #xyz tv0
           5.2359090270778410e+01   2.3781778467073558e+01  -4.5749959219168163e-17 #xyz tv1
           5.0626191550524815e+01   2.4353747307197516e+01  -6.4125881834215182e-01 #xyz tv2
           4.9500000000000000e+01   2.4949999999999999e+01   0.0000000000000000e+00 -1 101 #xyz tv3 fid bid
           4.8276634131815229e+01   2.4384958852468337e+01  -2.0000000000000000e+00 #xyz tv0
           4.9500000000000000e+01   2.5050000000000018e+01   0.0000000000000000e+00 #xyz tv1
           4.9500000000000000e+01   2.4949999999999999e+01   0.0000000000000000e+00 #xyz tv2
           4.7500000000000000e+01   2.5050000000000018e+01   0.0000000000000000e+00 -1 101 #xyz tv3 fid bid
           5.0072168209590018e+01   2.3500000000000000e+01   1.6000000000000001e+00 #xyz tv0
           5.2359090270778410e+01   2.3781778467073558e+01  -4.5749959219168163e-17 #xyz tv1
           4.9500000000000000e+01   2.5050000000000018e+01   0.0000000000000000e+00 #xyz tv2
           4.9500000000000000e+01   2.4949999999999999e+01   0.0000000000000000e+00 -1 101 #xyz tv3 fid bid
           5.0072168209590018e+01   2.3500000000000000e+01   1.6000000000000001e+00 #xyz tv0
           4.9500000000000000e+01   2.5050000000000018e+01   0.0000000000000000e+00 #xyz tv1
           4.7500000000000000e+01   2.5050000000000018e+01   0.0000000000000000e+00 #xyz tv2
           4.9500000000000000e+01   2.4949999999999999e+01   0.0000000000000000e+00 -1 101 #xyz tv3 fid bid
           4.7500000000000000e+01   2.5050000000000018e+01   0.0000000000000000e+00 #xyz tv0
           4.9500000000000000e+01   2.5050000000000018e+01   0.0000000000000000e+00 #xyz tv1
           4.9500000000000000e+01   2.4949999999999999e+01   0.0000000000000000e+00 8 -1 #xyz tv2 fid bid
           4.7500000000000000e+01   2.5050000000000018e+01   0.0000000000000000e+00 #xyz tv0
           4.9500000000000000e+01   2.5050000000000018e+01   0.0000000000000000e+00 #xyz tv1
           4.9500000000000000e+01   2.4949999999999999e+01   0.0000000000000000e+00 44 -1 #xyz tv2 fid bid
           4.9500000000000000e+01   2.5050000000000018e+01   0.0000000000000000e+00 #xyz tv0
           5.2359090270778410e+01   2.3781778467073558e+01  -4.5749959219168163e-17 #xyz tv1
           4.9500000000000000e+01   2.4949999999999999e+01   0.0000000000000000e+00 8 -1 #xyz tv2 fid bid
           4.9500000000000000e+01   2.5050000000000018e+01   0.0000000000000000e+00 #xyz tv0
           5.2359090270778410e+01   2.3781778467073558e+01  -4.5749959219168163e-17 #xyz tv1
           4.9500000000000000e+01   2.4949999999999999e+01   0.0000000000000000e+00 44 -1 #xyz tv2 fid bid
           4.9500000000000000e+01   2.5050000000000018e+01   0.0000000000000000e+00 #xyz ev0
           4.9500000000000000e+01   2.4949999999999999e+01   0.0000000000000000e+00 -1 101 #xyz ev1 fid bid
   0   0.000000000000e+00   0.000000000000e+00   0.000000000000e+00 #flag location
END_ERR 
G3dErrFileVersion 2018P3.1
FlagFileMetaData Begin
   Mesh Size - Setup1, Refinement, Pass #6, Freq. 1.000000e+09 :Title    
   Listing of mesh elements with small segments. :ToolTip  
   hf3d :Author   
   1701877280 :TimeStamp
FlagFileMetaData End
BEGIN_ERR 
26 Small mesh segment detected on body : Radiation_box
 Small mesh segment detected on body : Radiation_box 
 Segment Statistics - Number of Segments : 1 --- Segment length(s) : 0.100000mm. The cutoff frequency for S-Matrix Only Solve is 3.25861367391304MHz 
3 -1  8  44  # nfids, fids[]
2 101  -1  # nbids, bids[]
      5 4 1 0 #ntets ntri ned npts
           4.8276634131815229e+01   2.4384958852468337e+01  -2.0000000000000000e+00 #xyz tv0
           4.9500000000000000e+01   2.4949999999999999e+01   0.0000000000000000e+00 #xyz tv1
           4.9500000000000000e+01   2.5050000000000018e+01   0.0000000000000000e+00 #xyz tv2
           5.0103018937235717e+01   2.4872471925929215e+01  -7.3485577680146141e-01 -1 101 #xyz tv3 fid bid
           4.8276634131815229e+01   2.4384958852468337e+01  -2.0000000000000000e+00 #xyz tv0
           4.9500000000000000e+01   2.5050000000000018e+01   0.0000000000000000e+00 #xyz tv1
           4.9500000000000000e+01   2.4949999999999999e+01   0.0000000000000000e+00 #xyz tv2
           4.7500000000000000e+01   2.5050000000000018e+01   0.0000000000000000e+00 -1 101 #xyz tv3 fid bid
           4.9500000000000000e+01   2.5050000000000018e+01   0.0000000000000000e+00 #xyz tv0
           5.2113772764200846e+01   2.4130527258803337e+01  -3.8420742984663764e-17 #xyz tv1
           5.0103018937235717e+01   2.4872471925929215e+01  -7.3485577680146141e-01 #xyz tv2
           4.9500000000000000e+01   2.4949999999999999e+01   0.0000000000000000e+00 -1 101 #xyz tv3 fid bid
           5.0072168209590018e+01   2.3500000000000000e+01   1.6000000000000001e+00 #xyz tv0
           4.9500000000000000e+01   2.5050000000000018e+01   0.0000000000000000e+00 #xyz tv1
           4.7500000000000000e+01   2.5050000000000018e+01   0.0000000000000000e+00 #xyz tv2
           4.9500000000000000e+01   2.4949999999999999e+01   0.0000000000000000e+00 -1 101 #xyz tv3 fid bid
           5.0072168209590018e+01   2.3500000000000000e+01   1.6000000000000001e+00 #xyz tv0
           5.2113772764200846e+01   2.4130527258803337e+01  -3.8420742984663764e-17 #xyz tv1
           4.9500000000000000e+01   2.5050000000000018e+01   0.0000000000000000e+00 #xyz tv2
           4.9500000000000000e+01   2.4949999999999999e+01   0.0000000000000000e+00 -1 101 #xyz tv3 fid bid
           4.7500000000000000e+01   2.5050000000000018e+01   0.0000000000000000e+00 #xyz tv0
           4.9500000000000000e+01   2.5050000000000018e+01   0.0000000000000000e+00 #xyz tv1
           4.9500000000000000e+01   2.4949999999999999e+01   0.0000000000000000e+00 8 -1 #xyz tv2 fid bid
           4.7500000000000000e+01   2.5050000000000018e+01   0.0000000000000000e+00 #xyz tv0
           4.9500000000000000e+01   2.5050000000000018e+01   0.0000000000000000e+00 #xyz tv1
           4.9500000000000000e+01   2.4949999999999999e+01   0.0000000000000000e+00 44 -1 #xyz tv2 fid bid
           4.9500000000000000e+01   2.5050000000000018e+01   0.0000000000000000e+00 #xyz tv0
           5.2113772764200846e+01   2.4130527258803337e+01  -3.8420742984663764e-17 #xyz tv1
           4.9500000000000000e+01   2.4949999999999999e+01   0.0000000000000000e+00 8 -1 #xyz tv2 fid bid
           4.9500000000000000e+01   2.5050000000000018e+01   0.0000000000000000e+00 #xyz tv0
           5.2113772764200846e+01   2.4130527258803337e+01  -3.8420742984663764e-17 #xyz tv1
           4.9500000000000000e+01   2.4949999999999999e+01   0.0000000000000000e+00 44 -1 #xyz tv2 fid bid
           4.9500000000000000e+01   2.5050000000000018e+01   0.0000000000000000e+00 #xyz ev0
           4.9500000000000000e+01   2.4949999999999999e+01   0.0000000000000000e+00 -1 101 #xyz ev1 fid bid
   0   0.000000000000e+00   0.000000000000e+00   0.000000000000e+00 #flag location
END_ERR 
