G3dErrFileVersion 2018P3.1
FlagFileMetaData Begin
   Mesh Size - Setup1, Refinement, Pass #1, Freq. 5.000000e+08 :Title    
   Listing of mesh elements with small segments. :ToolTip  
   hf3d :Author   
   1702533926 :TimeStamp
FlagFileMetaData End
BEGIN_ERR 
26 Small mesh segment detected on body : Radiation_box
 Small mesh segment detected on body : Radiation_box 
 Segment Statistics - Number of Segments : 1 --- Segment length(s) : 0.600000mm. The cutoff frequency for S-Matrix Only Solve is 3.40673247727273MHz 
3 -1  8  56  # nfids, fids[]
2 116  -1  # nbids, bids[]
      5 4 1 0 #ntets ntri ned npts
           6.7500000000000000e+01   2.5300000000000001e+01   0.0000000000000000e+00 #xyz tv0
           7.5000000000000000e+01   2.5000000000000000e+01   6.9388939039072254e-16 #xyz tv1
           3.6000000000000021e+01   2.6000000000000011e+01  -2.0000000000000000e+00 #xyz tv2
           6.7500000000000000e+01   2.4699999999999999e+01   0.0000000000000000e+00 -1 116 #xyz tv3 fid bid
           6.7500000000000000e+01   2.5300000000000001e+01   0.0000000000000000e+00 #xyz tv0
           3.6000000000000021e+01   2.6000000000000011e+01  -2.0000000000000000e+00 #xyz tv1
           7.5000000000000000e+00   2.5300000000000001e+01   0.0000000000000000e+00 #xyz tv2
           6.7500000000000000e+01   2.4699999999999999e+01   0.0000000000000000e+00 -1 116 #xyz tv3 fid bid
           7.5000000000000000e+01   2.3700000000000003e+01   8.0000000000000038e-01 #xyz tv0
           6.7500000000000000e+01   2.5300000000000001e+01   0.0000000000000000e+00 #xyz tv1
           6.7500000000000000e+01   2.4699999999999999e+01   0.0000000000000000e+00 #xyz tv2
           7.5000000000000000e+01   2.5000000000000000e+01   6.9388939039072254e-16 -1 116 #xyz tv3 fid bid
           7.5000000000000000e+00   2.5300000000000001e+01   0.0000000000000000e+00 #xyz tv0
           7.5000000000000000e+01   2.2400000000000002e+01   1.6000000000000001e+00 #xyz tv1
           6.7500000000000000e+01   2.5300000000000001e+01   0.0000000000000000e+00 #xyz tv2
           6.7500000000000000e+01   2.4699999999999999e+01   0.0000000000000000e+00 -1 116 #xyz tv3 fid bid
           7.5000000000000000e+01   2.3700000000000003e+01   8.0000000000000038e-01 #xyz tv0
           6.7500000000000000e+01   2.4699999999999999e+01   0.0000000000000000e+00 #xyz tv1
           6.7500000000000000e+01   2.5300000000000001e+01   0.0000000000000000e+00 #xyz tv2
           7.5000000000000000e+01   2.2400000000000002e+01   1.6000000000000001e+00 -1 116 #xyz tv3 fid bid
           6.7500000000000000e+01   2.5300000000000001e+01   0.0000000000000000e+00 #xyz tv0
           6.7500000000000000e+01   2.4699999999999999e+01   0.0000000000000000e+00 #xyz tv1
           7.5000000000000000e+00   2.5300000000000001e+01   0.0000000000000000e+00 8 -1 #xyz tv2 fid bid
           6.7500000000000000e+01   2.5300000000000001e+01   0.0000000000000000e+00 #xyz tv0
           6.7500000000000000e+01   2.4699999999999999e+01   0.0000000000000000e+00 #xyz tv1
           7.5000000000000000e+00   2.5300000000000001e+01   0.0000000000000000e+00 56 -1 #xyz tv2 fid bid
           6.7500000000000000e+01   2.5300000000000001e+01   0.0000000000000000e+00 #xyz tv0
           7.5000000000000000e+01   2.5000000000000000e+01   6.9388939039072254e-16 #xyz tv1
           6.7500000000000000e+01   2.4699999999999999e+01   0.0000000000000000e+00 8 -1 #xyz tv2 fid bid
           6.7500000000000000e+01   2.5300000000000001e+01   0.0000000000000000e+00 #xyz tv0
           7.5000000000000000e+01   2.5000000000000000e+01   6.9388939039072254e-16 #xyz tv1
           6.7500000000000000e+01   2.4699999999999999e+01   0.0000000000000000e+00 56 -1 #xyz tv2 fid bid
           6.7500000000000000e+01   2.5300000000000001e+01   0.0000000000000000e+00 #xyz ev0
           6.7500000000000000e+01   2.4699999999999999e+01   0.0000000000000000e+00 -1 116 #xyz ev1 fid bid
   0   0.000000000000e+00   0.000000000000e+00   0.000000000000e+00 #flag location
END_ERR 
G3dErrFileVersion 2018P3.1
FlagFileMetaData Begin
   Mesh Size - Setup1, Refinement, Pass #2, Freq. 5.000000e+08 :Title    
   Listing of mesh elements with small segments. :ToolTip  
   hf3d :Author   
   1702533929 :TimeStamp
FlagFileMetaData End
BEGIN_ERR 
26 Small mesh segment detected on body : Radiation_box
 Small mesh segment detected on body : Radiation_box 
 Segment Statistics - Number of Segments : 1 --- Segment length(s) : 0.600000mm. The cutoff frequency for S-Matrix Only Solve is 3.40673247727273MHz 
3 -1  8  56  # nfids, fids[]
2 116  -1  # nbids, bids[]
      4 4 1 0 #ntets ntri ned npts
           3.7500000000000000e+01   2.4699999999999999e+01   0.0000000000000000e+00 #xyz tv0
           3.6000000000000028e+01   2.6000000000000014e+01  -2.0000000000000000e+00 #xyz tv1
           7.5000000000000000e+00   2.5300000000000001e+01   0.0000000000000000e+00 #xyz tv2
           7.5000000000000000e+00   2.4699999999999999e+01   0.0000000000000000e+00 -1 116 #xyz tv3 fid bid
           3.6000000000000028e+01   2.6000000000000014e+01  -2.0000000000000000e+00 #xyz tv0
           3.7500000000000000e+00   2.3975000000000005e+01   1.7347234759768076e-16 #xyz tv1
           7.5000000000000000e+00   2.5300000000000001e+01   0.0000000000000000e+00 #xyz tv2
           7.5000000000000000e+00   2.4699999999999999e+01   0.0000000000000000e+00 -1 116 #xyz tv3 fid bid
           0.0000000000000000e+00   2.5000000000000000e+01   1.6000000000000001e+00 #xyz tv0
           7.5000000000000000e+00   2.4699999999999999e+01   0.0000000000000000e+00 #xyz tv1
           3.7500000000000000e+01   2.4699999999999999e+01   0.0000000000000000e+00 #xyz tv2
           7.5000000000000000e+00   2.5300000000000001e+01   0.0000000000000000e+00 -1 116 #xyz tv3 fid bid
           0.0000000000000000e+00   2.5000000000000000e+01   1.6000000000000001e+00 #xyz tv0
           7.5000000000000000e+00   2.5300000000000001e+01   0.0000000000000000e+00 #xyz tv1
           3.7500000000000000e+00   2.3975000000000005e+01   1.7347234759768076e-16 #xyz tv2
           7.5000000000000000e+00   2.4699999999999999e+01   0.0000000000000000e+00 -1 116 #xyz tv3 fid bid
           3.7500000000000000e+00   2.3975000000000005e+01   1.7347234759768076e-16 #xyz tv0
           7.5000000000000000e+00   2.5300000000000001e+01   0.0000000000000000e+00 #xyz tv1
           7.5000000000000000e+00   2.4699999999999999e+01   0.0000000000000000e+00 8 -1 #xyz tv2 fid bid
           3.7500000000000000e+00   2.3975000000000005e+01   1.7347234759768076e-16 #xyz tv0
           7.5000000000000000e+00   2.5300000000000001e+01   0.0000000000000000e+00 #xyz tv1
           7.5000000000000000e+00   2.4699999999999999e+01   0.0000000000000000e+00 56 -1 #xyz tv2 fid bid
           3.7500000000000000e+01   2.4699999999999999e+01   0.0000000000000000e+00 #xyz tv0
           7.5000000000000000e+00   2.4699999999999999e+01   0.0000000000000000e+00 #xyz tv1
           7.5000000000000000e+00   2.5300000000000001e+01   0.0000000000000000e+00 8 -1 #xyz tv2 fid bid
           3.7500000000000000e+01   2.4699999999999999e+01   0.0000000000000000e+00 #xyz tv0
           7.5000000000000000e+00   2.4699999999999999e+01   0.0000000000000000e+00 #xyz tv1
           7.5000000000000000e+00   2.5300000000000001e+01   0.0000000000000000e+00 56 -1 #xyz tv2 fid bid
           7.5000000000000000e+00   2.5300000000000001e+01   0.0000000000000000e+00 #xyz ev0
           7.5000000000000000e+00   2.4699999999999999e+01   0.0000000000000000e+00 -1 116 #xyz ev1 fid bid
   0   0.000000000000e+00   0.000000000000e+00   0.000000000000e+00 #flag location
END_ERR 
G3dErrFileVersion 2018P3.1
FlagFileMetaData Begin
   Mesh Size - Setup1, Refinement, Pass #3, Freq. 5.000000e+08 :Title    
   Listing of mesh elements with small segments. :ToolTip  
   hf3d :Author   
   1702533931 :TimeStamp
FlagFileMetaData End
BEGIN_ERR 
26 Small mesh segment detected on body : Radiation_box
 Small mesh segment detected on body : Radiation_box 
 Segment Statistics - Number of Segments : 1 --- Segment length(s) : 0.600000mm. The cutoff frequency for S-Matrix Only Solve is 3.40673247727273MHz 
3 -1  8  56  # nfids, fids[]
2 116  -1  # nbids, bids[]
      9 4 1 0 #ntets ntri ned npts
           2.2500000000000000e+01   2.4699999999999999e+01   0.0000000000000000e+00 #xyz tv0
           3.6000000000000021e+01   2.4380952380952390e+01  -2.0000000000000000e+00 #xyz tv1
           7.5000000000000000e+00   2.5300000000000001e+01   0.0000000000000000e+00 #xyz tv2
           7.5000000000000000e+00   2.4699999999999999e+01   0.0000000000000000e+00 -1 116 #xyz tv3 fid bid
           2.2500000000000000e+01   2.4699999999999999e+01   0.0000000000000000e+00 #xyz tv0
           4.0320312500000014e+01   2.5740234375000000e+01   9.4999999999999996e-01 #xyz tv1
           7.5000000000000000e+00   2.4699999999999999e+01   0.0000000000000000e+00 #xyz tv2
           7.5000000000000000e+00   2.5300000000000001e+01   0.0000000000000000e+00 -1 116 #xyz tv3 fid bid
           3.6000000000000021e+01   2.4380952380952390e+01  -2.0000000000000000e+00 #xyz tv0
           3.7500000000000000e+00   2.3975000000000005e+01   1.7347234759768076e-16 #xyz tv1
           7.5000000000000000e+00   2.5300000000000001e+01   0.0000000000000000e+00 #xyz tv2
           7.5000000000000000e+00   2.4699999999999999e+01   0.0000000000000000e+00 -1 116 #xyz tv3 fid bid
           7.5000000000000000e+00   2.4699999999999999e+01   0.0000000000000000e+00 #xyz tv0
           4.0320312500000014e+01   2.5740234375000000e+01   9.4999999999999996e-01 #xyz tv1
           3.6914062500000014e+01   2.7600000000000001e+01   1.6000000000000001e+00 #xyz tv2
           7.5000000000000000e+00   2.5300000000000001e+01   0.0000000000000000e+00 -1 116 #xyz tv3 fid bid
           3.7500000000000000e+00   2.3975000000000005e+01   1.7347234759768076e-16 #xyz tv0
           0.0000000000000000e+00   2.2400000000000002e+01   1.6000000000000001e+00 #xyz tv1
           7.5000000000000000e+00   2.5300000000000001e+01   0.0000000000000000e+00 #xyz tv2
           7.5000000000000000e+00   2.4699999999999999e+01   0.0000000000000000e+00 -1 116 #xyz tv3 fid bid
           7.5000000000000000e+00   2.4699999999999999e+01   0.0000000000000000e+00 #xyz tv0
           3.6914062500000014e+01   2.7600000000000001e+01   1.6000000000000001e+00 #xyz tv1
           2.7832031250000004e+01   2.7600000000000001e+01   1.6000000000000001e+00 #xyz tv2
           7.5000000000000000e+00   2.5300000000000001e+01   0.0000000000000000e+00 -1 116 #xyz tv3 fid bid
           7.5000000000000000e+00   2.5300000000000001e+01   0.0000000000000000e+00 #xyz tv0
           9.3750000000000000e+00   2.2400000000000002e+01   1.6000000000000001e+00 #xyz tv1
           7.5000000000000000e+00   2.4699999999999999e+01   0.0000000000000000e+00 #xyz tv2
           0.0000000000000000e+00   2.2400000000000002e+01   1.6000000000000001e+00 -1 116 #xyz tv3 fid bid
           1.7879231770833336e+01   2.5000000000000000e+01   1.6000000000000001e+00 #xyz tv0
           2.7832031250000004e+01   2.7600000000000001e+01   1.6000000000000001e+00 #xyz tv1
           7.5000000000000000e+00   2.5300000000000001e+01   0.0000000000000000e+00 #xyz tv2
           7.5000000000000000e+00   2.4699999999999999e+01   0.0000000000000000e+00 -1 116 #xyz tv3 fid bid
           9.3750000000000000e+00   2.2400000000000002e+01   1.6000000000000001e+00 #xyz tv0
           1.7879231770833336e+01   2.5000000000000000e+01   1.6000000000000001e+00 #xyz tv1
           7.5000000000000000e+00   2.5300000000000001e+01   0.0000000000000000e+00 #xyz tv2
           7.5000000000000000e+00   2.4699999999999999e+01   0.0000000000000000e+00 -1 116 #xyz tv3 fid bid
           3.7500000000000000e+00   2.3975000000000005e+01   1.7347234759768076e-16 #xyz tv0
           7.5000000000000000e+00   2.5300000000000001e+01   0.0000000000000000e+00 #xyz tv1
           7.5000000000000000e+00   2.4699999999999999e+01   0.0000000000000000e+00 8 -1 #xyz tv2 fid bid
           3.7500000000000000e+00   2.3975000000000005e+01   1.7347234759768076e-16 #xyz tv0
           7.5000000000000000e+00   2.5300000000000001e+01   0.0000000000000000e+00 #xyz tv1
           7.5000000000000000e+00   2.4699999999999999e+01   0.0000000000000000e+00 56 -1 #xyz tv2 fid bid
           2.2500000000000000e+01   2.4699999999999999e+01   0.0000000000000000e+00 #xyz tv0
           7.5000000000000000e+00   2.4699999999999999e+01   0.0000000000000000e+00 #xyz tv1
           7.5000000000000000e+00   2.5300000000000001e+01   0.0000000000000000e+00 8 -1 #xyz tv2 fid bid
           2.2500000000000000e+01   2.4699999999999999e+01   0.0000000000000000e+00 #xyz tv0
           7.5000000000000000e+00   2.4699999999999999e+01   0.0000000000000000e+00 #xyz tv1
           7.5000000000000000e+00   2.5300000000000001e+01   0.0000000000000000e+00 56 -1 #xyz tv2 fid bid
           7.5000000000000000e+00   2.5300000000000001e+01   0.0000000000000000e+00 #xyz ev0
           7.5000000000000000e+00   2.4699999999999999e+01   0.0000000000000000e+00 -1 116 #xyz ev1 fid bid
   0   0.000000000000e+00   0.000000000000e+00   0.000000000000e+00 #flag location
END_ERR 
G3dErrFileVersion 2018P3.1
FlagFileMetaData Begin
   Mesh Size - Setup1, Refinement, Pass #4, Freq. 5.000000e+08 :Title    
   Listing of mesh elements with small segments. :ToolTip  
   hf3d :Author   
   1702533934 :TimeStamp
FlagFileMetaData End
BEGIN_ERR 
26 Small mesh segment detected on body : Substrate
 Small mesh segment detected on body : Substrate 
 Segment Statistics - Number of Segments : 1 --- Segment length(s) : 0.584116mm. The cutoff frequency for S-Matrix Only Solve is 3.40673247727273MHz 
3 -1  12  114  # nfids, fids[]
2 6  -1  # nbids, bids[]
      6 4 1 0 #ntets ntri ned npts
           6.7500000000000000e+01   2.5300000000000001e+01   0.0000000000000000e+00 #xyz tv0
           7.5000000000000000e+01   2.6192797243595123e+01   9.3036634816728091e-16 #xyz tv1
           7.5000000000000000e+01   2.6275232926741424e+01   5.7826991142949136e-01 #xyz tv2
           6.7500000000000000e+01   2.6300000000000001e+01   0.0000000000000000e+00 -1 6 #xyz tv3 fid bid
           7.5000000000000000e+01   2.6275232926741424e+01   5.7826991142949136e-01 #xyz tv0
           7.5000000000000000e+01   2.4945312500000000e+01   6.8304736866586750e-16 #xyz tv1
           8.0000000000000000e+01   2.6000000000000007e+01  -2.0000000000000000e+00 #xyz tv2
           7.5000000000000000e+01   2.6192797243595123e+01   9.3036634816728091e-16 -1 6 #xyz tv3 fid bid
           6.7500000000000000e+01   2.5300000000000001e+01   0.0000000000000000e+00 #xyz tv0
           7.5000000000000000e+01   2.6275232926741424e+01   5.7826991142949136e-01 #xyz tv1
           7.5000000000000000e+01   2.6192797243595123e+01   9.3036634816728091e-16 #xyz tv2
           7.5000000000000000e+01   2.4945312500000000e+01   6.8304736866586750e-16 -1 6 #xyz tv3 fid bid
           6.7500000000000000e+01   2.7300000000000001e+01   0.0000000000000000e+00 #xyz tv0
           6.7500000000000000e+01   2.6300000000000001e+01   0.0000000000000000e+00 #xyz tv1
           7.5000000000000000e+01   2.6275232926741424e+01   5.7826991142949136e-01 #xyz tv2
           7.5000000000000000e+01   2.6192797243595123e+01   9.3036634816728091e-16 -1 6 #xyz tv3 fid bid
           7.5000000000000000e+01   2.6275232926741424e+01   5.7826991142949136e-01 #xyz tv0
           8.0000000000000000e+01   2.6000000000000007e+01  -2.0000000000000000e+00 #xyz tv1
           7.5000000000000000e+01   2.7367424741387371e+01   1.1632410791327781e-15 #xyz tv2
           7.5000000000000000e+01   2.6192797243595123e+01   9.3036634816728091e-16 -1 6 #xyz tv3 fid bid
           6.7500000000000000e+01   2.7300000000000001e+01   0.0000000000000000e+00 #xyz tv0
           7.5000000000000000e+01   2.6275232926741424e+01   5.7826991142949136e-01 #xyz tv1
           7.5000000000000000e+01   2.7367424741387371e+01   1.1632410791327781e-15 #xyz tv2
           7.5000000000000000e+01   2.6192797243595123e+01   9.3036634816728091e-16 -1 6 #xyz tv3 fid bid
           7.5000000000000000e+01   2.6275232926741424e+01   5.7826991142949136e-01 #xyz tv0
           7.5000000000000000e+01   2.4945312500000000e+01   6.8304736866586750e-16 #xyz tv1
           7.5000000000000000e+01   2.6192797243595123e+01   9.3036634816728091e-16 12 -1 #xyz tv2 fid bid
           7.5000000000000000e+01   2.6275232926741424e+01   5.7826991142949136e-01 #xyz tv0
           7.5000000000000000e+01   2.4945312500000000e+01   6.8304736866586750e-16 #xyz tv1
           7.5000000000000000e+01   2.6192797243595123e+01   9.3036634816728091e-16 114 -1 #xyz tv2 fid bid
           7.5000000000000000e+01   2.7367424741387371e+01   1.1632410791327781e-15 #xyz tv0
           7.5000000000000000e+01   2.6275232926741424e+01   5.7826991142949136e-01 #xyz tv1
           7.5000000000000000e+01   2.6192797243595123e+01   9.3036634816728091e-16 12 -1 #xyz tv2 fid bid
           7.5000000000000000e+01   2.7367424741387371e+01   1.1632410791327781e-15 #xyz tv0
           7.5000000000000000e+01   2.6275232926741424e+01   5.7826991142949136e-01 #xyz tv1
           7.5000000000000000e+01   2.6192797243595123e+01   9.3036634816728091e-16 114 -1 #xyz tv2 fid bid
           7.5000000000000000e+01   2.6192797243595123e+01   9.3036634816728091e-16 #xyz ev0
           7.5000000000000000e+01   2.6275232926741424e+01   5.7826991142949136e-01 -1 6 #xyz ev1 fid bid
   0   0.000000000000e+00   0.000000000000e+00   0.000000000000e+00 #flag location
END_ERR 
G3dErrFileVersion 2018P3.1
FlagFileMetaData Begin
   Mesh Size - Setup1, Refinement, Pass #5, Freq. 5.000000e+08 :Title    
   Listing of mesh elements with small segments. :ToolTip  
   hf3d :Author   
   1702533936 :TimeStamp
FlagFileMetaData End
BEGIN_ERR 
26 Small mesh segment detected on body : Substrate
 Small mesh segment detected on body : Substrate 
 Segment Statistics - Number of Segments : 1 --- Segment length(s) : 0.556905mm. The cutoff frequency for S-Matrix Only Solve is 3.40673247727273MHz 
3 -1  12  114  # nfids, fids[]
2 6  -1  # nbids, bids[]
      6 4 1 0 #ntets ntri ned npts
           6.7500000000000000e+01   2.5300000000000001e+01   0.0000000000000000e+00 #xyz tv0
           7.5000000000000000e+01   2.6161709117004648e+01   9.2420299925063673e-16 #xyz tv1
           7.5000000000000000e+01   2.6260023069712268e+01   5.4815857263553314e-01 #xyz tv2
           6.7500000000000000e+01   2.6300000000000001e+01   0.0000000000000000e+00 -1 6 #xyz tv3 fid bid
           7.5000000000000000e+01   2.6260023069712268e+01   5.4815857263553314e-01 #xyz tv0
           7.5000000000000000e+01   2.4945312500000000e+01   6.8304736866586750e-16 #xyz tv1
           8.0000000000000000e+01   2.6000000000000011e+01  -2.0000000000000000e+00 #xyz tv2
           7.5000000000000000e+01   2.6161709117004648e+01   9.2420299925063673e-16 -1 6 #xyz tv3 fid bid
           6.7500000000000000e+01   2.5300000000000001e+01   0.0000000000000000e+00 #xyz tv0
           7.5000000000000000e+01   2.6260023069712268e+01   5.4815857263553314e-01 #xyz tv1
           7.5000000000000000e+01   2.6161709117004648e+01   9.2420299925063673e-16 #xyz tv2
           7.5000000000000000e+01   2.4945312500000000e+01   6.8304736866586750e-16 -1 6 #xyz tv3 fid bid
           6.7500000000000000e+01   2.7300000000000001e+01   0.0000000000000000e+00 #xyz tv0
           6.7500000000000000e+01   2.6300000000000001e+01   0.0000000000000000e+00 #xyz tv1
           7.5000000000000000e+01   2.6260023069712268e+01   5.4815857263553314e-01 #xyz tv2
           7.5000000000000000e+01   2.6161709117004648e+01   9.2420299925063673e-16 -1 6 #xyz tv3 fid bid
           7.5000000000000000e+01   2.6260023069712268e+01   5.4815857263553314e-01 #xyz tv0
           8.0000000000000000e+01   2.6000000000000011e+01  -2.0000000000000000e+00 #xyz tv1
           7.5000000000000000e+01   2.7341606331116054e+01   1.1581224731430584e-15 #xyz tv2
           7.5000000000000000e+01   2.6161709117004648e+01   9.2420299925063673e-16 -1 6 #xyz tv3 fid bid
           6.7500000000000000e+01   2.7300000000000001e+01   0.0000000000000000e+00 #xyz tv0
           7.5000000000000000e+01   2.6260023069712268e+01   5.4815857263553314e-01 #xyz tv1
           7.5000000000000000e+01   2.7341606331116054e+01   1.1581224731430584e-15 #xyz tv2
           7.5000000000000000e+01   2.6161709117004648e+01   9.2420299925063673e-16 -1 6 #xyz tv3 fid bid
           7.5000000000000000e+01   2.6260023069712268e+01   5.4815857263553314e-01 #xyz tv0
           7.5000000000000000e+01   2.4945312500000000e+01   6.8304736866586750e-16 #xyz tv1
           7.5000000000000000e+01   2.6161709117004648e+01   9.2420299925063673e-16 12 -1 #xyz tv2 fid bid
           7.5000000000000000e+01   2.6260023069712268e+01   5.4815857263553314e-01 #xyz tv0
           7.5000000000000000e+01   2.4945312500000000e+01   6.8304736866586750e-16 #xyz tv1
           7.5000000000000000e+01   2.6161709117004648e+01   9.2420299925063673e-16 114 -1 #xyz tv2 fid bid
           7.5000000000000000e+01   2.7341606331116054e+01   1.1581224731430584e-15 #xyz tv0
           7.5000000000000000e+01   2.6260023069712268e+01   5.4815857263553314e-01 #xyz tv1
           7.5000000000000000e+01   2.6161709117004648e+01   9.2420299925063673e-16 12 -1 #xyz tv2 fid bid
           7.5000000000000000e+01   2.7341606331116054e+01   1.1581224731430584e-15 #xyz tv0
           7.5000000000000000e+01   2.6260023069712268e+01   5.4815857263553314e-01 #xyz tv1
           7.5000000000000000e+01   2.6161709117004648e+01   9.2420299925063673e-16 114 -1 #xyz tv2 fid bid
           7.5000000000000000e+01   2.6161709117004648e+01   9.2420299925063673e-16 #xyz ev0
           7.5000000000000000e+01   2.6260023069712268e+01   5.4815857263553314e-01 -1 6 #xyz ev1 fid bid
   0   0.000000000000e+00   0.000000000000e+00   0.000000000000e+00 #flag location
END_ERR 
G3dErrFileVersion 2018P3.1
FlagFileMetaData Begin
   Mesh Size - Setup1, Refinement, Pass #6, Freq. 5.000000e+08 :Title    
   Listing of mesh elements with small segments. :ToolTip  
   hf3d :Author   
   1702533939 :TimeStamp
FlagFileMetaData End
BEGIN_ERR 
26 Small mesh segment detected on body : Radiation_box
 Small mesh segment detected on body : Radiation_box 
 Segment Statistics - Number of Segments : 1 --- Segment length(s) : 0.367149mm. The cutoff frequency for S-Matrix Only Solve is 3.40673247727273MHz 
3 -1  7  44  # nfids, fids[]
2 116  -1  # nbids, bids[]
      4 4 1 0 #ntets ntri ned npts
           6.5625000000000000e+01   2.2725000000000001e+01   1.6000000000000001e+00 #xyz tv0
           6.7264632436339113e+01   2.2507393450694678e+01   3.7047479004467938e+00 #xyz tv1
           6.5454196929931641e+01   2.2400000000000002e+01   1.6000000000000001e+00 #xyz tv2
           5.6250000000000000e+01   2.3050000000000004e+01   1.6000000000000001e+00 -1 116 #xyz tv3 fid bid
           6.5625000000000000e+01   2.2725000000000001e+01   1.6000000000000001e+00 #xyz tv0
           6.5454196929931641e+01   2.2400000000000002e+01   1.6000000000000001e+00 #xyz tv1
           6.7264632436339113e+01   2.2507393450694678e+01   3.7047479004467938e+00 #xyz tv2
           7.5000000000000000e+01   2.2400000000000002e+01   1.6000000000000001e+00 -1 116 #xyz tv3 fid bid
           6.5625000000000000e+01   2.2725000000000001e+01   1.6000000000000001e+00 #xyz tv0
           6.5454196929931641e+01   2.2400000000000002e+01   1.6000000000000001e+00 #xyz tv1
           6.7500000000000000e+01   2.2700000000000017e+01   0.0000000000000000e+00 #xyz tv2
           5.6250000000000000e+01   2.3050000000000004e+01   1.6000000000000001e+00 -1 116 #xyz tv3 fid bid
           6.5625000000000000e+01   2.2725000000000001e+01   1.6000000000000001e+00 #xyz tv0
           6.7500000000000000e+01   2.2700000000000017e+01   0.0000000000000000e+00 #xyz tv1
           6.5454196929931641e+01   2.2400000000000002e+01   1.6000000000000001e+00 #xyz tv2
           7.5000000000000000e+01   2.2400000000000002e+01   1.6000000000000001e+00 -1 116 #xyz tv3 fid bid
           6.5625000000000000e+01   2.2725000000000001e+01   1.6000000000000001e+00 #xyz tv0
           6.5454196929931641e+01   2.2400000000000002e+01   1.6000000000000001e+00 #xyz tv1
           7.5000000000000000e+01   2.2400000000000002e+01   1.6000000000000001e+00 7 -1 #xyz tv2 fid bid
           6.5625000000000000e+01   2.2725000000000001e+01   1.6000000000000001e+00 #xyz tv0
           6.5454196929931641e+01   2.2400000000000002e+01   1.6000000000000001e+00 #xyz tv1
           7.5000000000000000e+01   2.2400000000000002e+01   1.6000000000000001e+00 44 -1 #xyz tv2 fid bid
           6.5625000000000000e+01   2.2725000000000001e+01   1.6000000000000001e+00 #xyz tv0
           5.6250000000000000e+01   2.3050000000000004e+01   1.6000000000000001e+00 #xyz tv1
           6.5454196929931641e+01   2.2400000000000002e+01   1.6000000000000001e+00 7 -1 #xyz tv2 fid bid
           6.5625000000000000e+01   2.2725000000000001e+01   1.6000000000000001e+00 #xyz tv0
           5.6250000000000000e+01   2.3050000000000004e+01   1.6000000000000001e+00 #xyz tv1
           6.5454196929931641e+01   2.2400000000000002e+01   1.6000000000000001e+00 44 -1 #xyz tv2 fid bid
           6.5625000000000000e+01   2.2725000000000001e+01   1.6000000000000001e+00 #xyz ev0
           6.5454196929931641e+01   2.2400000000000002e+01   1.6000000000000001e+00 -1 116 #xyz ev1 fid bid
   0   0.000000000000e+00   0.000000000000e+00   0.000000000000e+00 #flag location
END_ERR 
G3dErrFileVersion 2018P3.1
FlagFileMetaData Begin
   Mesh Size - Setup1, Refinement, Pass #1, Freq. 5.000000e+08 :Title    
   Listing of mesh elements with small segments. :ToolTip  
   hf3d :Author   
   1702534179 :TimeStamp
FlagFileMetaData End
BEGIN_ERR 
26 Small mesh segment detected on body : Radiation_box
 Small mesh segment detected on body : Radiation_box 
 Segment Statistics - Number of Segments : 1 --- Segment length(s) : 0.458939mm. The cutoff frequency for S-Matrix Only Solve is 3.40673247727273MHz 
3 -1  10  102  # nfids, fids[]
2 116  -1  # nbids, bids[]
      5 4 1 0 #ntets ntri ned npts
          -6.4324905987064927e-17   2.6075000000000003e+01   1.2000000000000002e+00 #xyz tv0
           0.0000000000000000e+00   2.6300000000000001e+01   1.6000000000000001e+00 #xyz tv1
          -4.2033898305084740e+00   2.5525423728813561e+01   8.0000000000000016e-01 #xyz tv2
           0.0000000000000000e+00   2.7600000000000001e+01   1.6000000000000001e+00 -1 116 #xyz tv3 fid bid
           0.0000000000000000e+00   2.5000000000000000e+01   1.6000000000000001e+00 #xyz tv0
          -4.2033898305084740e+00   2.5525423728813561e+01   8.0000000000000016e-01 #xyz tv1
          -6.4324905987064927e-17   2.6075000000000003e+01   1.2000000000000002e+00 #xyz tv2
           0.0000000000000000e+00   2.6300000000000001e+01   1.6000000000000001e+00 -1 116 #xyz tv3 fid bid
           4.5000000000000027e+00   2.5300000000000001e+01   0.0000000000000000e+00 #xyz tv0
           0.0000000000000000e+00   2.5000000000000000e+01   1.6000000000000001e+00 #xyz tv1
          -6.4324905987064927e-17   2.6075000000000003e+01   1.2000000000000002e+00 #xyz tv2
           0.0000000000000000e+00   2.6300000000000001e+01   1.6000000000000001e+00 -1 116 #xyz tv3 fid bid
           5.5000000000000000e+00   2.6300000000000001e+01   0.0000000000000000e+00 #xyz tv0
           0.0000000000000000e+00   2.6300000000000001e+01   1.6000000000000001e+00 #xyz tv1
          -6.4324905987064927e-17   2.6075000000000003e+01   1.2000000000000002e+00 #xyz tv2
           0.0000000000000000e+00   2.7600000000000001e+01   1.6000000000000001e+00 -1 116 #xyz tv3 fid bid
           5.5000000000000000e+00   2.6300000000000001e+01   0.0000000000000000e+00 #xyz tv0
          -6.4324905987064927e-17   2.6075000000000003e+01   1.2000000000000002e+00 #xyz tv1
           0.0000000000000000e+00   2.6300000000000001e+01   1.6000000000000001e+00 #xyz tv2
           4.5000000000000027e+00   2.5300000000000001e+01   0.0000000000000000e+00 -1 116 #xyz tv3 fid bid
          -6.4324905987064927e-17   2.6075000000000003e+01   1.2000000000000002e+00 #xyz tv0
           0.0000000000000000e+00   2.6300000000000001e+01   1.6000000000000001e+00 #xyz tv1
           0.0000000000000000e+00   2.7600000000000001e+01   1.6000000000000001e+00 10 -1 #xyz tv2 fid bid
          -6.4324905987064927e-17   2.6075000000000003e+01   1.2000000000000002e+00 #xyz tv0
           0.0000000000000000e+00   2.6300000000000001e+01   1.6000000000000001e+00 #xyz tv1
           0.0000000000000000e+00   2.7600000000000001e+01   1.6000000000000001e+00 102 -1 #xyz tv2 fid bid
          -6.4324905987064927e-17   2.6075000000000003e+01   1.2000000000000002e+00 #xyz tv0
           0.0000000000000000e+00   2.5000000000000000e+01   1.6000000000000001e+00 #xyz tv1
           0.0000000000000000e+00   2.6300000000000001e+01   1.6000000000000001e+00 10 -1 #xyz tv2 fid bid
          -6.4324905987064927e-17   2.6075000000000003e+01   1.2000000000000002e+00 #xyz tv0
           0.0000000000000000e+00   2.5000000000000000e+01   1.6000000000000001e+00 #xyz tv1
           0.0000000000000000e+00   2.6300000000000001e+01   1.6000000000000001e+00 102 -1 #xyz tv2 fid bid
          -6.4324905987064927e-17   2.6075000000000003e+01   1.2000000000000002e+00 #xyz ev0
           0.0000000000000000e+00   2.6300000000000001e+01   1.6000000000000001e+00 -1 116 #xyz ev1 fid bid
   0   0.000000000000e+00   0.000000000000e+00   0.000000000000e+00 #flag location
END_ERR 
G3dErrFileVersion 2018P3.1
FlagFileMetaData Begin
   Mesh Size - Setup1, Refinement, Pass #2, Freq. 5.000000e+08 :Title    
   Listing of mesh elements with small segments. :ToolTip  
   hf3d :Author   
   1702534181 :TimeStamp
FlagFileMetaData End
BEGIN_ERR 
26 Small mesh segment detected on body : Radiation_box
 Small mesh segment detected on body : Radiation_box 
 Segment Statistics - Number of Segments : 1 --- Segment length(s) : 0.404101mm. The cutoff frequency for S-Matrix Only Solve is 3.40673247727273MHz 
3 -1  10  102  # nfids, fids[]
2 116  -1  # nbids, bids[]
      5 4 1 0 #ntets ntri ned npts
          -6.4324905987064927e-17   2.6075000000000003e+01   1.2000000000000002e+00 #xyz tv0
           0.0000000000000000e+00   2.6132421874999999e+01   1.6000000000000001e+00 #xyz tv1
          -4.2033898305084740e+00   2.5525423728813561e+01   8.0000000000000016e-01 #xyz tv2
           0.0000000000000000e+00   2.7600000000000001e+01   1.6000000000000001e+00 -1 116 #xyz tv3 fid bid
           5.5000000000000000e+00   2.6300000000000001e+01   0.0000000000000000e+00 #xyz tv0
           0.0000000000000000e+00   2.6132421874999999e+01   1.6000000000000001e+00 #xyz tv1
          -6.4324905987064927e-17   2.6075000000000003e+01   1.2000000000000002e+00 #xyz tv2
           0.0000000000000000e+00   2.7600000000000001e+01   1.6000000000000001e+00 -1 116 #xyz tv3 fid bid
           0.0000000000000000e+00   2.4492187500000004e+01   1.6000000000000001e+00 #xyz tv0
          -4.2033898305084740e+00   2.5525423728813561e+01   8.0000000000000016e-01 #xyz tv1
          -6.4324905987064927e-17   2.6075000000000003e+01   1.2000000000000002e+00 #xyz tv2
           0.0000000000000000e+00   2.6132421874999999e+01   1.6000000000000001e+00 -1 116 #xyz tv3 fid bid
           5.5000000000000000e+00   2.6300000000000001e+01   0.0000000000000000e+00 #xyz tv0
          -6.4324905987064927e-17   2.6075000000000003e+01   1.2000000000000002e+00 #xyz tv1
           0.0000000000000000e+00   2.6132421874999999e+01   1.6000000000000001e+00 #xyz tv2
           4.5000000000000036e+00   2.5300000000000001e+01   0.0000000000000000e+00 -1 116 #xyz tv3 fid bid
           4.5000000000000036e+00   2.5300000000000001e+01   0.0000000000000000e+00 #xyz tv0
           0.0000000000000000e+00   2.4492187500000004e+01   1.6000000000000001e+00 #xyz tv1
          -6.4324905987064927e-17   2.6075000000000003e+01   1.2000000000000002e+00 #xyz tv2
           0.0000000000000000e+00   2.6132421874999999e+01   1.6000000000000001e+00 -1 116 #xyz tv3 fid bid
          -6.4324905987064927e-17   2.6075000000000003e+01   1.2000000000000002e+00 #xyz tv0
           0.0000000000000000e+00   2.6132421874999999e+01   1.6000000000000001e+00 #xyz tv1
           0.0000000000000000e+00   2.7600000000000001e+01   1.6000000000000001e+00 10 -1 #xyz tv2 fid bid
          -6.4324905987064927e-17   2.6075000000000003e+01   1.2000000000000002e+00 #xyz tv0
           0.0000000000000000e+00   2.6132421874999999e+01   1.6000000000000001e+00 #xyz tv1
           0.0000000000000000e+00   2.7600000000000001e+01   1.6000000000000001e+00 102 -1 #xyz tv2 fid bid
          -6.4324905987064927e-17   2.6075000000000003e+01   1.2000000000000002e+00 #xyz tv0
           0.0000000000000000e+00   2.4492187500000004e+01   1.6000000000000001e+00 #xyz tv1
           0.0000000000000000e+00   2.6132421874999999e+01   1.6000000000000001e+00 10 -1 #xyz tv2 fid bid
          -6.4324905987064927e-17   2.6075000000000003e+01   1.2000000000000002e+00 #xyz tv0
           0.0000000000000000e+00   2.4492187500000004e+01   1.6000000000000001e+00 #xyz tv1
           0.0000000000000000e+00   2.6132421874999999e+01   1.6000000000000001e+00 102 -1 #xyz tv2 fid bid
          -6.4324905987064927e-17   2.6075000000000003e+01   1.2000000000000002e+00 #xyz ev0
           0.0000000000000000e+00   2.6132421874999999e+01   1.6000000000000001e+00 -1 116 #xyz ev1 fid bid
   0   0.000000000000e+00   0.000000000000e+00   0.000000000000e+00 #flag location
END_ERR 
G3dErrFileVersion 2018P3.1
FlagFileMetaData Begin
   Mesh Size - Setup1, Refinement, Pass #3, Freq. 5.000000e+08 :Title    
   Listing of mesh elements with small segments. :ToolTip  
   hf3d :Author   
   1702534183 :TimeStamp
FlagFileMetaData End
BEGIN_ERR 
26 Small mesh segment detected on body : Radiation_box
 Small mesh segment detected on body : Radiation_box 
 Segment Statistics - Number of Segments : 1 --- Segment length(s) : 0.401826mm. The cutoff frequency for S-Matrix Only Solve is 3.40673247727273MHz 
3 -1  10  102  # nfids, fids[]
2 116  -1  # nbids, bids[]
      7 4 1 0 #ntets ntri ned npts
          -6.4324905987064927e-17   2.6075000000000003e+01   1.2000000000000002e+00 #xyz tv0
          -8.0000000000000000e+00   4.5698412698412696e+01   3.6412450396825400e+00 #xyz tv1
           0.0000000000000000e+00   2.6036730957031253e+01   1.6000000000000001e+00 #xyz tv2
          -4.2257128197966392e+00   3.1580433460892717e+01   1.6892036415260550e+00 -1 116 #xyz tv3 fid bid
          -6.4324905987064927e-17   2.6075000000000003e+01   1.2000000000000002e+00 #xyz tv0
           0.0000000000000000e+00   2.6036730957031253e+01   1.6000000000000001e+00 #xyz tv1
          -8.0000000000000000e+00   4.5698412698412696e+01   3.6412450396825400e+00 #xyz tv2
           0.0000000000000000e+00   2.7600000000000001e+01   1.6000000000000001e+00 -1 116 #xyz tv3 fid bid
           0.0000000000000000e+00   2.4368408203125000e+01   1.6000000000000001e+00 #xyz tv0
          -4.2257128197966392e+00   3.1580433460892717e+01   1.6892036415260550e+00 #xyz tv1
          -6.4324905987064927e-17   2.6075000000000003e+01   1.2000000000000002e+00 #xyz tv2
           0.0000000000000000e+00   2.6036730957031253e+01   1.6000000000000001e+00 -1 116 #xyz tv3 fid bid
           5.5000000000000000e+00   2.6300000000000001e+01   0.0000000000000000e+00 #xyz tv0
           0.0000000000000000e+00   2.6036730957031253e+01   1.6000000000000001e+00 #xyz tv1
          -6.4324905987064927e-17   2.6075000000000003e+01   1.2000000000000002e+00 #xyz tv2
           0.0000000000000000e+00   2.7600000000000001e+01   1.6000000000000001e+00 -1 116 #xyz tv3 fid bid
           2.0714285714285730e+00   2.3994345238095235e+01   2.4024543377615315e-16 #xyz tv0
          -6.4324905987064927e-17   2.6075000000000003e+01   1.2000000000000002e+00 #xyz tv1
           0.0000000000000000e+00   2.6036730957031253e+01   1.6000000000000001e+00 #xyz tv2
           0.0000000000000000e+00   2.4368408203125000e+01   1.6000000000000001e+00 -1 116 #xyz tv3 fid bid
           5.5000000000000000e+00   2.6300000000000001e+01   0.0000000000000000e+00 #xyz tv0
          -6.4324905987064927e-17   2.6075000000000003e+01   1.2000000000000002e+00 #xyz tv1
           0.0000000000000000e+00   2.6036730957031253e+01   1.6000000000000001e+00 #xyz tv2
           4.5000000000000036e+00   2.5300000000000001e+01   0.0000000000000000e+00 -1 116 #xyz tv3 fid bid
           2.0714285714285730e+00   2.3994345238095235e+01   2.4024543377615315e-16 #xyz tv0
           0.0000000000000000e+00   2.6036730957031253e+01   1.6000000000000001e+00 #xyz tv1
          -6.4324905987064927e-17   2.6075000000000003e+01   1.2000000000000002e+00 #xyz tv2
           4.5000000000000036e+00   2.5300000000000001e+01   0.0000000000000000e+00 -1 116 #xyz tv3 fid bid
          -6.4324905987064927e-17   2.6075000000000003e+01   1.2000000000000002e+00 #xyz tv0
           0.0000000000000000e+00   2.6036730957031253e+01   1.6000000000000001e+00 #xyz tv1
           0.0000000000000000e+00   2.7600000000000001e+01   1.6000000000000001e+00 10 -1 #xyz tv2 fid bid
          -6.4324905987064927e-17   2.6075000000000003e+01   1.2000000000000002e+00 #xyz tv0
           0.0000000000000000e+00   2.6036730957031253e+01   1.6000000000000001e+00 #xyz tv1
           0.0000000000000000e+00   2.7600000000000001e+01   1.6000000000000001e+00 102 -1 #xyz tv2 fid bid
          -6.4324905987064927e-17   2.6075000000000003e+01   1.2000000000000002e+00 #xyz tv0
           0.0000000000000000e+00   2.4368408203125000e+01   1.6000000000000001e+00 #xyz tv1
           0.0000000000000000e+00   2.6036730957031253e+01   1.6000000000000001e+00 10 -1 #xyz tv2 fid bid
          -6.4324905987064927e-17   2.6075000000000003e+01   1.2000000000000002e+00 #xyz tv0
           0.0000000000000000e+00   2.4368408203125000e+01   1.6000000000000001e+00 #xyz tv1
           0.0000000000000000e+00   2.6036730957031253e+01   1.6000000000000001e+00 102 -1 #xyz tv2 fid bid
          -6.4324905987064927e-17   2.6075000000000003e+01   1.2000000000000002e+00 #xyz ev0
           0.0000000000000000e+00   2.6036730957031253e+01   1.6000000000000001e+00 -1 116 #xyz ev1 fid bid
   0   0.000000000000e+00   0.000000000000e+00   0.000000000000e+00 #flag location
END_ERR 
G3dErrFileVersion 2018P3.1
FlagFileMetaData Begin
   Mesh Size - Setup1, Refinement, Pass #4, Freq. 5.000000e+08 :Title    
   Listing of mesh elements with small segments. :ToolTip  
   hf3d :Author   
   1702534187 :TimeStamp
FlagFileMetaData End
BEGIN_ERR 
26 Small mesh segment detected on body : Radiation_box
 Small mesh segment detected on body : Radiation_box 
 Segment Statistics - Number of Segments : 1 --- Segment length(s) : 0.413755mm. The cutoff frequency for S-Matrix Only Solve is 3.40673247727273MHz 
3 -1  10  102  # nfids, fids[]
2 116  -1  # nbids, bids[]
      7 4 1 0 #ntets ntri ned npts
          -6.4324905987064927e-17   2.6075000000000003e+01   1.2000000000000002e+00 #xyz tv0
          -8.0000000000000000e+00   4.6417989417989418e+01   3.5290219907407416e+00 #xyz tv1
           0.0000000000000000e+00   2.5969202804565430e+01   1.6000000000000001e+00 #xyz tv2
          -4.2257128197966392e+00   3.1580433460892717e+01   1.6892036415260550e+00 -1 116 #xyz tv3 fid bid
          -6.4324905987064927e-17   2.6075000000000003e+01   1.2000000000000002e+00 #xyz tv0
           0.0000000000000000e+00   2.5969202804565430e+01   1.6000000000000001e+00 #xyz tv1
          -8.0000000000000000e+00   4.6417989417989418e+01   3.5290219907407416e+00 #xyz tv2
           0.0000000000000000e+00   2.7600000000000001e+01   1.6000000000000001e+00 -1 116 #xyz tv3 fid bid
           0.0000000000000000e+00   2.4293386840820315e+01   1.6000000000000001e+00 #xyz tv0
          -4.2257128197966392e+00   3.1580433460892717e+01   1.6892036415260550e+00 #xyz tv1
