G3dErrFileVersion 2018P3.1
FlagFileMetaData Begin
   Mesh Size - Setup1, Refinement, Pass #1, Freq. 1.000000e+09 :Title    
   Listing of mesh elements with small segments. :ToolTip  
   hf3d :Author   
   1701944025 :TimeStamp
FlagFileMetaData End
BEGIN_ERR 
26 Small mesh segment detected on body : Radiation_box
 Small mesh segment detected on body : Radiation_box 
 Segment Statistics - Number of Segments : 1 --- Segment length(s) : 0.750000mm. The cutoff frequency for S-Matrix Only Solve is 3.25861367391304MHz 
5 -1  7  101  10  113  # nfids, fids[]
2 127  -1  # nbids, bids[]
      5 4 1 0 #ntets ntri ned npts
           0.0000000000000000e+00   2.5750000000000004e+01   1.6000000000000001e+00 #xyz tv0
           9.3750000000000000e+00   2.5000000000000000e+01   1.6000000000000001e+00 #xyz tv1
           3.8000000000000000e+01   2.2999999999999996e+01   1.8000000000000011e+01 #xyz tv2
           0.0000000000000000e+00   2.6500000000000000e+01   1.6000000000000001e+00 -1 127 #xyz tv3 fid bid
           0.0000000000000000e+00   2.5750000000000004e+01   1.6000000000000001e+00 #xyz tv0
           3.8000000000000000e+01   2.2999999999999996e+01   1.8000000000000011e+01 #xyz tv1
          -1.7309941520467835e+00   2.6957465277777779e+01   2.8702850877192989e+00 #xyz tv2
           0.0000000000000000e+00   2.6500000000000000e+01   1.6000000000000001e+00 -1 127 #xyz tv3 fid bid
           0.0000000000000000e+00   2.6500000000000000e+01   1.6000000000000001e+00 #xyz tv0
           9.3750000000000000e+00   2.5000000000000000e+01   1.6000000000000001e+00 #xyz tv1
           5.5000000000000000e+00   2.8000000000000000e+01  -4.9960036108132064e-16 #xyz tv2
           0.0000000000000000e+00   2.5750000000000004e+01   1.6000000000000001e+00 -1 127 #xyz tv3 fid bid
          -9.1848509936051053e-17   2.6500000000000000e+01  -3.3306690738754701e-16 #xyz tv0
           0.0000000000000000e+00   2.5750000000000004e+01   1.6000000000000001e+00 #xyz tv1
          -1.7309941520467835e+00   2.6957465277777779e+01   2.8702850877192989e+00 #xyz tv2
           0.0000000000000000e+00   2.6500000000000000e+01   1.6000000000000001e+00 -1 127 #xyz tv3 fid bid
          -9.1848509936051053e-17   2.6500000000000000e+01  -3.3306690738754701e-16 #xyz tv0
           0.0000000000000000e+00   2.6500000000000000e+01   1.6000000000000001e+00 #xyz tv1
           5.5000000000000000e+00   2.8000000000000000e+01  -4.9960036108132064e-16 #xyz tv2
           0.0000000000000000e+00   2.5750000000000004e+01   1.6000000000000001e+00 -1 127 #xyz tv3 fid bid
           0.0000000000000000e+00   2.5750000000000004e+01   1.6000000000000001e+00 #xyz tv0
           9.3750000000000000e+00   2.5000000000000000e+01   1.6000000000000001e+00 #xyz tv1
           0.0000000000000000e+00   2.6500000000000000e+01   1.6000000000000001e+00 7 -1 #xyz tv2 fid bid
           0.0000000000000000e+00   2.5750000000000004e+01   1.6000000000000001e+00 #xyz tv0
           9.3750000000000000e+00   2.5000000000000000e+01   1.6000000000000001e+00 #xyz tv1
           0.0000000000000000e+00   2.6500000000000000e+01   1.6000000000000001e+00 101 -1 #xyz tv2 fid bid
          -9.1848509936051053e-17   2.6500000000000000e+01  -3.3306690738754701e-16 #xyz tv0
           0.0000000000000000e+00   2.5750000000000004e+01   1.6000000000000001e+00 #xyz tv1
           0.0000000000000000e+00   2.6500000000000000e+01   1.6000000000000001e+00 10 -1 #xyz tv2 fid bid
          -9.1848509936051053e-17   2.6500000000000000e+01  -3.3306690738754701e-16 #xyz tv0
           0.0000000000000000e+00   2.5750000000000004e+01   1.6000000000000001e+00 #xyz tv1
           0.0000000000000000e+00   2.6500000000000000e+01   1.6000000000000001e+00 113 -1 #xyz tv2 fid bid
           0.0000000000000000e+00   2.6500000000000000e+01   1.6000000000000001e+00 #xyz ev0
           0.0000000000000000e+00   2.5750000000000004e+01   1.6000000000000001e+00 -1 127 #xyz ev1 fid bid
   0   0.000000000000e+00   0.000000000000e+00   0.000000000000e+00 #flag location
END_ERR 
G3dErrFileVersion 2018P3.1
FlagFileMetaData Begin
   Mesh Size - Setup1, Refinement, Pass #2, Freq. 1.000000e+09 :Title    
   Listing of mesh elements with small segments. :ToolTip  
   hf3d :Author   
   1701944027 :TimeStamp
FlagFileMetaData End
BEGIN_ERR 
26 Small mesh segment detected on body : Radiation_box
 Small mesh segment detected on body : Radiation_box 
 Segment Statistics - Number of Segments : 1 --- Segment length(s) : 0.670446mm. The cutoff frequency for S-Matrix Only Solve is 3.25861367391304MHz 
3 -1  12  125  # nfids, fids[]
2 127  -1  # nbids, bids[]
      4 4 1 0 #ntets ntri ned npts
           7.5000000000000000e+01   2.6500000000000000e+01   7.9999999999999982e-01 #xyz tv0
           7.7905070429262906e+01   2.2539004494998458e+01   2.2299857231594711e+00 #xyz tv1
           7.5000000000000000e+01   2.6500000000000000e+01   1.6000000000000001e+00 #xyz tv2
           7.5000000000000000e+01   2.7166341145833336e+01   8.7407407407407400e-01 -1 127 #xyz tv3 fid bid
           7.5000000000000000e+01   2.7166341145833336e+01   8.7407407407407400e-01 #xyz tv0
           5.6250000000000000e+01   2.6500000000000000e+01   1.6000000000000001e+00 #xyz tv1
           7.5000000000000000e+01   2.6500000000000000e+01   1.6000000000000001e+00 #xyz tv2
           7.5000000000000000e+01   2.6500000000000000e+01   7.9999999999999982e-01 -1 127 #xyz tv3 fid bid
           7.5000000000000000e+01   2.6500000000000000e+01   7.9999999999999982e-01 #xyz tv0
           7.5000000000000000e+01   2.6306640625000000e+01  -3.9166803481038877e-16 #xyz tv1
           7.7905070429262906e+01   2.2539004494998458e+01   2.2299857231594711e+00 #xyz tv2
           7.5000000000000000e+01   2.7166341145833336e+01   8.7407407407407400e-01 -1 127 #xyz tv3 fid bid
           7.5000000000000000e+01   2.6306640625000000e+01  -3.9166803481038877e-16 #xyz tv0
           5.6250000000000000e+01   2.6500000000000000e+01   1.6000000000000001e+00 #xyz tv1
           7.5000000000000000e+01   2.7166341145833336e+01   8.7407407407407400e-01 #xyz tv2
           7.5000000000000000e+01   2.6500000000000000e+01   7.9999999999999982e-01 -1 127 #xyz tv3 fid bid
           7.5000000000000000e+01   2.6500000000000000e+01   7.9999999999999982e-01 #xyz tv0
           7.5000000000000000e+01   2.6306640625000000e+01  -3.9166803481038877e-16 #xyz tv1
           7.5000000000000000e+01   2.7166341145833336e+01   8.7407407407407400e-01 12 -1 #xyz tv2 fid bid
           7.5000000000000000e+01   2.6500000000000000e+01   7.9999999999999982e-01 #xyz tv0
           7.5000000000000000e+01   2.6306640625000000e+01  -3.9166803481038877e-16 #xyz tv1
           7.5000000000000000e+01   2.7166341145833336e+01   8.7407407407407400e-01 125 -1 #xyz tv2 fid bid
           7.5000000000000000e+01   2.6500000000000000e+01   7.9999999999999982e-01 #xyz tv0
           7.5000000000000000e+01   2.7166341145833336e+01   8.7407407407407400e-01 #xyz tv1
           7.5000000000000000e+01   2.6500000000000000e+01   1.6000000000000001e+00 12 -1 #xyz tv2 fid bid
           7.5000000000000000e+01   2.6500000000000000e+01   7.9999999999999982e-01 #xyz tv0
           7.5000000000000000e+01   2.7166341145833336e+01   8.7407407407407400e-01 #xyz tv1
           7.5000000000000000e+01   2.6500000000000000e+01   1.6000000000000001e+00 125 -1 #xyz tv2 fid bid
           7.5000000000000000e+01   2.7166341145833336e+01   8.7407407407407400e-01 #xyz ev0
           7.5000000000000000e+01   2.6500000000000000e+01   7.9999999999999982e-01 -1 127 #xyz ev1 fid bid
   0   0.000000000000e+00   0.000000000000e+00   0.000000000000e+00 #flag location
END_ERR 
G3dErrFileVersion 2018P3.1
FlagFileMetaData Begin
   Mesh Size - Setup1, Refinement, Pass #3, Freq. 1.000000e+09 :Title    
   Listing of mesh elements with small segments. :ToolTip  
   hf3d :Author   
   1701944030 :TimeStamp
FlagFileMetaData End
BEGIN_ERR 
26 Small mesh segment detected on body : Substrate
 Small mesh segment detected on body : Substrate 
 Segment Statistics - Number of Segments : 1 --- Segment length(s) : 0.701805mm. The cutoff frequency for S-Matrix Only Solve is 3.25861367391304MHz 
3 -1  12  125  # nfids, fids[]
2 6  -1  # nbids, bids[]
      4 4 1 0 #ntets ntri ned npts
           7.5000000000000000e+01   2.7119966472718325e+01   9.1034685667082504e-01 #xyz tv0
           7.5000000000000000e+01   2.6500000000000000e+01   1.6000000000000001e+00 #xyz tv1
           6.6821428571428569e+01   2.8261904761904759e+01   1.6000000000000001e+00 #xyz tv2
           7.5000000000000000e+01   2.7250000000000000e+01   1.6000000000000001e+00 -1 6 #xyz tv3 fid bid
           6.6821428571428569e+01   2.8261904761904759e+01   1.6000000000000001e+00 #xyz tv0
           7.5000000000000000e+01   2.7119966472718325e+01   9.1034685667082504e-01 #xyz tv1
           7.5000000000000000e+01   2.7250000000000000e+01   1.6000000000000001e+00 #xyz tv2
           7.5000000000000000e+01   2.8000000000000004e+01   1.6000000000000001e+00 -1 6 #xyz tv3 fid bid
           7.5000000000000000e+01   2.7250000000000000e+01   1.6000000000000001e+00 #xyz tv0
           7.8062806068854186e+01   2.2754663609933452e+01   2.8402567716173048e+00 #xyz tv1
           7.5000000000000000e+01   2.7119966472718325e+01   9.1034685667082504e-01 #xyz tv2
           7.5000000000000000e+01   2.6500000000000000e+01   1.6000000000000001e+00 -1 6 #xyz tv3 fid bid
           7.5000000000000000e+01   2.7250000000000000e+01   1.6000000000000001e+00 #xyz tv0
           7.5000000000000000e+01   2.7119966472718325e+01   9.1034685667082504e-01 #xyz tv1
           7.8062806068854186e+01   2.2754663609933452e+01   2.8402567716173048e+00 #xyz tv2
           7.5000000000000000e+01   2.8000000000000004e+01   1.6000000000000001e+00 -1 6 #xyz tv3 fid bid
           7.5000000000000000e+01   2.7250000000000000e+01   1.6000000000000001e+00 #xyz tv0
           7.5000000000000000e+01   2.7119966472718325e+01   9.1034685667082504e-01 #xyz tv1
           7.5000000000000000e+01   2.8000000000000004e+01   1.6000000000000001e+00 12 -1 #xyz tv2 fid bid
           7.5000000000000000e+01   2.7250000000000000e+01   1.6000000000000001e+00 #xyz tv0
           7.5000000000000000e+01   2.7119966472718325e+01   9.1034685667082504e-01 #xyz tv1
           7.5000000000000000e+01   2.8000000000000004e+01   1.6000000000000001e+00 125 -1 #xyz tv2 fid bid
           7.5000000000000000e+01   2.7250000000000000e+01   1.6000000000000001e+00 #xyz tv0
           7.5000000000000000e+01   2.6500000000000000e+01   1.6000000000000001e+00 #xyz tv1
           7.5000000000000000e+01   2.7119966472718325e+01   9.1034685667082504e-01 12 -1 #xyz tv2 fid bid
           7.5000000000000000e+01   2.7250000000000000e+01   1.6000000000000001e+00 #xyz tv0
           7.5000000000000000e+01   2.6500000000000000e+01   1.6000000000000001e+00 #xyz tv1
           7.5000000000000000e+01   2.7119966472718325e+01   9.1034685667082504e-01 125 -1 #xyz tv2 fid bid
           7.5000000000000000e+01   2.7250000000000000e+01   1.6000000000000001e+00 #xyz ev0
           7.5000000000000000e+01   2.7119966472718325e+01   9.1034685667082504e-01 -1 6 #xyz ev1 fid bid
   0   0.000000000000e+00   0.000000000000e+00   0.000000000000e+00 #flag location
END_ERR 
G3dErrFileVersion 2018P3.1
FlagFileMetaData Begin
   Mesh Size - Setup1, Refinement, Pass #4, Freq. 1.000000e+09 :Title    
   Listing of mesh elements with small segments. :ToolTip  
   hf3d :Author   
   1701944032 :TimeStamp
FlagFileMetaData End
BEGIN_ERR 
26 Small mesh segment detected on body : Radiation_box
 Small mesh segment detected on body : Radiation_box 
 Segment Statistics - Number of Segments : 1 --- Segment length(s) : 0.689702mm. The cutoff frequency for S-Matrix Only Solve is 3.25861367391304MHz 
3 -1  12  125  # nfids, fids[]
2 127  -1  # nbids, bids[]
      4 4 1 0 #ntets ntri ned npts
           7.5000000000000000e+01   2.7250000000000000e+01   1.6000000000000001e+00 #xyz tv0
           7.5000000000000000e+01   2.7076144198960563e+01   9.3257012337176604e-01 #xyz tv1
           7.7212130088642112e+01   2.6900572692334457e+01   2.4119354843569512e+00 #xyz tv2
           7.5000000000000000e+01   2.8000000000000004e+01   1.6000000000000001e+00 -1 127 #xyz tv3 fid bid
           7.5000000000000000e+01   2.7250000000000000e+01   1.6000000000000001e+00 #xyz tv0
           7.7212130088642112e+01   2.6900572692334457e+01   2.4119354843569512e+00 #xyz tv1
           7.5000000000000000e+01   2.7076144198960563e+01   9.3257012337176604e-01 #xyz tv2
           7.5000000000000000e+01   2.6500000000000000e+01   1.6000000000000001e+00 -1 127 #xyz tv3 fid bid
           6.8091402453838668e+01   2.9414316083576288e+01   1.6000000000000001e+00 #xyz tv0
           7.5000000000000000e+01   2.7076144198960563e+01   9.3257012337176604e-01 #xyz tv1
           7.5000000000000000e+01   2.7250000000000000e+01   1.6000000000000001e+00 #xyz tv2
           7.5000000000000000e+01   2.8000000000000004e+01   1.6000000000000001e+00 -1 127 #xyz tv3 fid bid
           7.5000000000000000e+01   2.7076144198960563e+01   9.3257012337176604e-01 #xyz tv0
           7.5000000000000000e+01   2.6500000000000000e+01   1.6000000000000001e+00 #xyz tv1
           6.8091402453838668e+01   2.9414316083576288e+01   1.6000000000000001e+00 #xyz tv2
           7.5000000000000000e+01   2.7250000000000000e+01   1.6000000000000001e+00 -1 127 #xyz tv3 fid bid
           7.5000000000000000e+01   2.7250000000000000e+01   1.6000000000000001e+00 #xyz tv0
           7.5000000000000000e+01   2.7076144198960563e+01   9.3257012337176604e-01 #xyz tv1
           7.5000000000000000e+01   2.8000000000000004e+01   1.6000000000000001e+00 12 -1 #xyz tv2 fid bid
           7.5000000000000000e+01   2.7250000000000000e+01   1.6000000000000001e+00 #xyz tv0
           7.5000000000000000e+01   2.7076144198960563e+01   9.3257012337176604e-01 #xyz tv1
           7.5000000000000000e+01   2.8000000000000004e+01   1.6000000000000001e+00 125 -1 #xyz tv2 fid bid
           7.5000000000000000e+01   2.7250000000000000e+01   1.6000000000000001e+00 #xyz tv0
           7.5000000000000000e+01   2.6500000000000000e+01   1.6000000000000001e+00 #xyz tv1
           7.5000000000000000e+01   2.7076144198960563e+01   9.3257012337176604e-01 12 -1 #xyz tv2 fid bid
           7.5000000000000000e+01   2.7250000000000000e+01   1.6000000000000001e+00 #xyz tv0
           7.5000000000000000e+01   2.6500000000000000e+01   1.6000000000000001e+00 #xyz tv1
           7.5000000000000000e+01   2.7076144198960563e+01   9.3257012337176604e-01 125 -1 #xyz tv2 fid bid
           7.5000000000000000e+01   2.7250000000000000e+01   1.6000000000000001e+00 #xyz ev0
           7.5000000000000000e+01   2.7076144198960563e+01   9.3257012337176604e-01 -1 127 #xyz ev1 fid bid
   0   0.000000000000e+00   0.000000000000e+00   0.000000000000e+00 #flag location
END_ERR 
G3dErrFileVersion 2018P3.1
FlagFileMetaData Begin
   Mesh Size - Setup1, Refinement, Pass #5, Freq. 1.000000e+09 :Title    
   Listing of mesh elements with small segments. :ToolTip  
   hf3d :Author   
   1701944035 :TimeStamp
FlagFileMetaData End
BEGIN_ERR 
26 Small mesh segment detected on body : Substrate
 Small mesh segment detected on body : Substrate 
 Segment Statistics - Number of Segments : 1 --- Segment length(s) : 0.689702mm. The cutoff frequency for S-Matrix Only Solve is 3.25861367391304MHz 
3 -1  12  125  # nfids, fids[]
2 6  -1  # nbids, bids[]
      4 4 1 0 #ntets ntri ned npts
           7.5000000000000000e+01   2.7076144198960563e+01   9.3257012337176604e-01 #xyz tv0
           7.0312500000000000e+01   2.6500000000000000e+01   1.6000000000000001e+00 #xyz tv1
           7.5000000000000000e+01   2.8000000000000004e+01   1.6000000000000001e+00 #xyz tv2
           7.5000000000000000e+01   2.7250000000000000e+01   1.6000000000000001e+00 -1 6 #xyz tv3 fid bid
           7.5000000000000000e+01   2.7250000000000000e+01   1.6000000000000001e+00 #xyz tv0
           7.5000000000000000e+01   2.7076144198960563e+01   9.3257012337176604e-01 #xyz tv1
           7.7441891422253605e+01   2.8657282639857950e+01   2.6559698623358439e+00 #xyz tv2
           7.5000000000000000e+01   2.8000000000000004e+01   1.6000000000000001e+00 -1 6 #xyz tv3 fid bid
           7.5000000000000000e+01   2.7076144198960563e+01   9.3257012337176604e-01 #xyz tv0
           7.0312500000000000e+01   2.6500000000000000e+01   1.6000000000000001e+00 #xyz tv1
           7.5000000000000000e+01   2.7250000000000000e+01   1.6000000000000001e+00 #xyz tv2
           7.5000000000000000e+01   2.6500000000000000e+01   1.6000000000000001e+00 -1 6 #xyz tv3 fid bid
           7.5000000000000000e+01   2.7250000000000000e+01   1.6000000000000001e+00 #xyz tv0
           7.7441891422253605e+01   2.8657282639857950e+01   2.6559698623358439e+00 #xyz tv1
           7.5000000000000000e+01   2.7076144198960563e+01   9.3257012337176604e-01 #xyz tv2
           7.5000000000000000e+01   2.6500000000000000e+01   1.6000000000000001e+00 -1 6 #xyz tv3 fid bid
           7.5000000000000000e+01   2.7250000000000000e+01   1.6000000000000001e+00 #xyz tv0
           7.5000000000000000e+01   2.7076144198960563e+01   9.3257012337176604e-01 #xyz tv1
           7.5000000000000000e+01   2.8000000000000004e+01   1.6000000000000001e+00 12 -1 #xyz tv2 fid bid
           7.5000000000000000e+01   2.7250000000000000e+01   1.6000000000000001e+00 #xyz tv0
           7.5000000000000000e+01   2.7076144198960563e+01   9.3257012337176604e-01 #xyz tv1
           7.5000000000000000e+01   2.8000000000000004e+01   1.6000000000000001e+00 125 -1 #xyz tv2 fid bid
           7.5000000000000000e+01   2.7250000000000000e+01   1.6000000000000001e+00 #xyz tv0
           7.5000000000000000e+01   2.6500000000000000e+01   1.6000000000000001e+00 #xyz tv1
           7.5000000000000000e+01   2.7076144198960563e+01   9.3257012337176604e-01 12 -1 #xyz tv2 fid bid
           7.5000000000000000e+01   2.7250000000000000e+01   1.6000000000000001e+00 #xyz tv0
           7.5000000000000000e+01   2.6500000000000000e+01   1.6000000000000001e+00 #xyz tv1
           7.5000000000000000e+01   2.7076144198960563e+01   9.3257012337176604e-01 125 -1 #xyz tv2 fid bid
           7.5000000000000000e+01   2.7250000000000000e+01   1.6000000000000001e+00 #xyz ev0
           7.5000000000000000e+01   2.7076144198960563e+01   9.3257012337176604e-01 -1 6 #xyz ev1 fid bid
   0   0.000000000000e+00   0.000000000000e+00   0.000000000000e+00 #flag location
END_ERR 
G3dErrFileVersion 2018P3.1
FlagFileMetaData Begin
   Mesh Size - Setup1, Refinement, Pass #6, Freq. 1.000000e+09 :Title    
   Listing of mesh elements with small segments. :ToolTip  
   hf3d :Author   
   1701944037 :TimeStamp
FlagFileMetaData End
BEGIN_ERR 
26 Small mesh segment detected on body : Substrate
 Small mesh segment detected on body : Substrate 
 Segment Statistics - Number of Segments : 1 --- Segment length(s) : 0.689702mm. The cutoff frequency for S-Matrix Only Solve is 3.25861367391304MHz 
3 -1  12  125  # nfids, fids[]
2 6  -1  # nbids, bids[]
      4 4 1 0 #ntets ntri ned npts
           7.5000000000000000e+01   2.7076144198960563e+01   9.3257012337176604e-01 #xyz tv0
           7.0312500000000000e+01   2.6500000000000000e+01   1.6000000000000001e+00 #xyz tv1
           7.5000000000000000e+01   2.8000000000000004e+01   1.6000000000000001e+00 #xyz tv2
           7.5000000000000000e+01   2.7250000000000000e+01   1.6000000000000001e+00 -1 6 #xyz tv3 fid bid
           7.5000000000000000e+01   2.7250000000000000e+01   1.6000000000000001e+00 #xyz tv0
           7.5000000000000000e+01   2.7076144198960563e+01   9.3257012337176604e-01 #xyz tv1
           7.7441891422253605e+01   2.8657282639857950e+01   2.6559698623358439e+00 #xyz tv2
           7.5000000000000000e+01   2.8000000000000004e+01   1.6000000000000001e+00 -1 6 #xyz tv3 fid bid
           7.5000000000000000e+01   2.7076144198960563e+01   9.3257012337176604e-01 #xyz tv0
           7.0312500000000000e+01   2.6500000000000000e+01   1.6000000000000001e+00 #xyz tv1
           7.5000000000000000e+01   2.7250000000000000e+01   1.6000000000000001e+00 #xyz tv2
           7.5000000000000000e+01   2.6500000000000000e+01   1.6000000000000001e+00 -1 6 #xyz tv3 fid bid
           7.5000000000000000e+01   2.7250000000000000e+01   1.6000000000000001e+00 #xyz tv0
           7.7441891422253605e+01   2.8657282639857950e+01   2.6559698623358439e+00 #xyz tv1
           7.5000000000000000e+01   2.7076144198960563e+01   9.3257012337176604e-01 #xyz tv2
           7.5000000000000000e+01   2.6500000000000000e+01   1.6000000000000001e+00 -1 6 #xyz tv3 fid bid
           7.5000000000000000e+01   2.7250000000000000e+01   1.6000000000000001e+00 #xyz tv0
           7.5000000000000000e+01   2.7076144198960563e+01   9.3257012337176604e-01 #xyz tv1
           7.5000000000000000e+01   2.8000000000000004e+01   1.6000000000000001e+00 12 -1 #xyz tv2 fid bid
           7.5000000000000000e+01   2.7250000000000000e+01   1.6000000000000001e+00 #xyz tv0
           7.5000000000000000e+01   2.7076144198960563e+01   9.3257012337176604e-01 #xyz tv1
           7.5000000000000000e+01   2.8000000000000004e+01   1.6000000000000001e+00 125 -1 #xyz tv2 fid bid
           7.5000000000000000e+01   2.7250000000000000e+01   1.6000000000000001e+00 #xyz tv0
           7.5000000000000000e+01   2.6500000000000000e+01   1.6000000000000001e+00 #xyz tv1
           7.5000000000000000e+01   2.7076144198960563e+01   9.3257012337176604e-01 12 -1 #xyz tv2 fid bid
           7.5000000000000000e+01   2.7250000000000000e+01   1.6000000000000001e+00 #xyz tv0
           7.5000000000000000e+01   2.6500000000000000e+01   1.6000000000000001e+00 #xyz tv1
           7.5000000000000000e+01   2.7076144198960563e+01   9.3257012337176604e-01 125 -1 #xyz tv2 fid bid
           7.5000000000000000e+01   2.7250000000000000e+01   1.6000000000000001e+00 #xyz ev0
           7.5000000000000000e+01   2.7076144198960563e+01   9.3257012337176604e-01 -1 6 #xyz ev1 fid bid
   0   0.000000000000e+00   0.000000000000e+00   0.000000000000e+00 #flag location
END_ERR 
