G3dErrFileVersion 2018P3.1
FlagFileMetaData Begin
   Mesh Size - Setup1, Refinement, Pass #1, Freq. 1.000000e+09 :Title    
   Listing of mesh elements with small segments. :ToolTip  
   hf3d :Author   
   1703002979 :TimeStamp
FlagFileMetaData End
BEGIN_ERR 
26 Small mesh segment detected on body : Radiation_box
 Small mesh segment detected on body : Radiation_box 
 Segment Statistics - Number of Segments : 1 --- Segment length(s) : 0.400000mm. The cutoff frequency for S-Matrix Only Solve is 2.398339664MHz 
3 -1  7  89  # nfids, fids[]
2 122  -1  # nbids, bids[]
      4 3 1 0 #ntets ntri ned npts
          -3.6199999999999996e+01  -4.9000000000000004e+00   1.6000000000000001e+00 #xyz tv0
          -3.7500000000000000e+01  -2.5000000000000000e+01   1.6000000000000001e+00 #xyz tv1
           2.5000000000000000e+00   0.0000000000000000e+00   2.5000000000000000e+01 #xyz tv2
          -3.5799999999999997e+01  -4.9000000000000004e+00   1.6000000000000001e+00 -1 122 #xyz tv3 fid bid
          -3.6199999999999996e+01  -4.9000000000000004e+00   1.6000000000000001e+00 #xyz tv0
           2.5000000000000000e+00   0.0000000000000000e+00   2.5000000000000000e+01 #xyz tv1
          -3.6199999999999996e+01  -1.5000000000000000e+00   1.6000000000000001e+00 #xyz tv2
          -3.5799999999999997e+01  -4.9000000000000004e+00   1.6000000000000001e+00 -1 122 #xyz tv3 fid bid
          -3.7500000000000000e+01  -2.5000000000000000e+00   2.4617278194535684e-32 #xyz tv0
          -3.6199999999999996e+01  -4.9000000000000004e+00   1.6000000000000001e+00 #xyz tv1
          -3.5799999999999997e+01  -4.9000000000000004e+00   1.6000000000000001e+00 #xyz tv2
          -3.7500000000000000e+01  -2.5000000000000000e+01   1.6000000000000001e+00 -1 122 #xyz tv3 fid bid
          -3.7500000000000000e+01  -2.5000000000000000e+00   2.4617278194535684e-32 #xyz tv0
          -3.6199999999999996e+01  -1.5000000000000000e+00   1.6000000000000001e+00 #xyz tv1
          -3.5799999999999997e+01  -4.9000000000000004e+00   1.6000000000000001e+00 #xyz tv2
          -3.6199999999999996e+01  -4.9000000000000004e+00   1.6000000000000001e+00 -1 122 #xyz tv3 fid bid
          -3.5799999999999997e+01  -4.9000000000000004e+00   1.6000000000000001e+00 #xyz tv0
          -3.6199999999999996e+01  -4.9000000000000004e+00   1.6000000000000001e+00 #xyz tv1
          -3.7500000000000000e+01  -2.5000000000000000e+01   1.6000000000000001e+00 7 -1 #xyz tv2 fid bid
          -3.5799999999999997e+01  -4.9000000000000004e+00   1.6000000000000001e+00 #xyz tv0
          -3.6199999999999996e+01  -1.5000000000000000e+00   1.6000000000000001e+00 #xyz tv1
          -3.6199999999999996e+01  -4.9000000000000004e+00   1.6000000000000001e+00 7 -1 #xyz tv2 fid bid
          -3.5799999999999997e+01  -4.9000000000000004e+00   1.6000000000000001e+00 #xyz tv0
          -3.6199999999999996e+01  -1.5000000000000000e+00   1.6000000000000001e+00 #xyz tv1
          -3.6199999999999996e+01  -4.9000000000000004e+00   1.6000000000000001e+00 89 -1 #xyz tv2 fid bid
          -3.5799999999999997e+01  -4.9000000000000004e+00   1.6000000000000001e+00 #xyz ev0
          -3.6199999999999996e+01  -4.9000000000000004e+00   1.6000000000000001e+00 -1 122 #xyz ev1 fid bid
   0   0.000000000000e+00   0.000000000000e+00   0.000000000000e+00 #flag location
END_ERR 
G3dErrFileVersion 2018P3.1
FlagFileMetaData Begin
   Mesh Size - Setup1, Refinement, Pass #2, Freq. 1.000000e+09 :Title    
   Listing of mesh elements with small segments. :ToolTip  
   hf3d :Author   
   1703002981 :TimeStamp
FlagFileMetaData End
BEGIN_ERR 
26 Small mesh segment detected on body : Radiation_box
 Small mesh segment detected on body : Radiation_box 
 Segment Statistics - Number of Segments : 1 --- Segment length(s) : 0.400000mm. The cutoff frequency for S-Matrix Only Solve is 2.398339664MHz 
3 -1  7  89  # nfids, fids[]
2 122  -1  # nbids, bids[]
      5 3 1 0 #ntets ntri ned npts
          -2.4453165673458926e+01  -8.0910592079969241e+00   9.1296700444883818e+00 #xyz tv0
          -3.6199999999999996e+01  -1.5000000000000000e+00   1.6000000000000001e+00 #xyz tv1
          -3.6199999999999996e+01  -4.9000000000000004e+00   1.6000000000000001e+00 #xyz tv2
          -3.5799999999999997e+01  -4.9000000000000004e+00   1.6000000000000001e+00 -1 122 #xyz tv3 fid bid
          -2.4453165673458926e+01  -8.0910592079969241e+00   9.1296700444883818e+00 #xyz tv0
          -3.6199999999999996e+01  -4.9000000000000004e+00   1.6000000000000001e+00 #xyz tv1
          -3.7500000000000000e+01  -2.5000000000000000e+01   1.6000000000000001e+00 #xyz tv2
          -3.5799999999999997e+01  -4.9000000000000004e+00   1.6000000000000001e+00 -1 122 #xyz tv3 fid bid
          -3.7500000000000000e+01  -2.5000000000000000e+00   2.4617278194535684e-32 #xyz tv0
          -3.6199999999999996e+01  -1.5000000000000000e+00   1.6000000000000001e+00 #xyz tv1
          -3.5799999999999997e+01  -4.9000000000000004e+00   1.6000000000000001e+00 #xyz tv2
          -3.6199999999999996e+01  -4.9000000000000004e+00   1.6000000000000001e+00 -1 122 #xyz tv3 fid bid
          -3.6199999999999996e+01  -4.9000000000000004e+00   1.6000000000000001e+00 #xyz tv0
          -3.5799999999999997e+01  -4.9000000000000004e+00   1.6000000000000001e+00 #xyz tv1
          -3.7500000000000000e+01  -2.5000000000000000e+01   0.0000000000000000e+00 #xyz tv2
          -3.7500000000000000e+01  -2.5000000000000000e+01   1.6000000000000001e+00 -1 122 #xyz tv3 fid bid
          -3.6199999999999996e+01  -4.9000000000000004e+00   1.6000000000000001e+00 #xyz tv0
          -3.7500000000000000e+01  -2.5000000000000000e+00   2.4617278194535684e-32 #xyz tv1
          -3.7500000000000000e+01  -2.5000000000000000e+01   0.0000000000000000e+00 #xyz tv2
          -3.5799999999999997e+01  -4.9000000000000004e+00   1.6000000000000001e+00 -1 122 #xyz tv3 fid bid
          -3.5799999999999997e+01  -4.9000000000000004e+00   1.6000000000000001e+00 #xyz tv0
          -3.6199999999999996e+01  -4.9000000000000004e+00   1.6000000000000001e+00 #xyz tv1
          -3.7500000000000000e+01  -2.5000000000000000e+01   1.6000000000000001e+00 7 -1 #xyz tv2 fid bid
          -3.5799999999999997e+01  -4.9000000000000004e+00   1.6000000000000001e+00 #xyz tv0
          -3.6199999999999996e+01  -1.5000000000000000e+00   1.6000000000000001e+00 #xyz tv1
          -3.6199999999999996e+01  -4.9000000000000004e+00   1.6000000000000001e+00 7 -1 #xyz tv2 fid bid
          -3.5799999999999997e+01  -4.9000000000000004e+00   1.6000000000000001e+00 #xyz tv0
          -3.6199999999999996e+01  -1.5000000000000000e+00   1.6000000000000001e+00 #xyz tv1
          -3.6199999999999996e+01  -4.9000000000000004e+00   1.6000000000000001e+00 89 -1 #xyz tv2 fid bid
          -3.5799999999999997e+01  -4.9000000000000004e+00   1.6000000000000001e+00 #xyz ev0
          -3.6199999999999996e+01  -4.9000000000000004e+00   1.6000000000000001e+00 -1 122 #xyz ev1 fid bid
   0   0.000000000000e+00   0.000000000000e+00   0.000000000000e+00 #flag location
END_ERR 
G3dErrFileVersion 2018P3.1
FlagFileMetaData Begin
   Mesh Size - Setup1, Refinement, Pass #3, Freq. 1.000000e+09 :Title    
   Listing of mesh elements with small segments. :ToolTip  
   hf3d :Author   
   1703002984 :TimeStamp
FlagFileMetaData End
BEGIN_ERR 
26 Small mesh segment detected on body : Radiation_box
 Small mesh segment detected on body : Radiation_box 
 Segment Statistics - Number of Segments : 1 --- Segment length(s) : 0.400000mm. The cutoff frequency for S-Matrix Only Solve is 2.398339664MHz 
3 -1  7  89  # nfids, fids[]
2 122  -1  # nbids, bids[]
      5 3 1 0 #ntets ntri ned npts
           3.5799999999999997e+01  -4.9000000000000004e+00   1.6000000000000001e+00 #xyz tv0
           3.7500000000000000e+01  -2.5000000000000000e+01   1.6000000000000001e+00 #xyz tv1
           3.2206405144128361e+01  -1.1445616883116883e+00   9.1062499999999993e+00 #xyz tv2
           3.6199999999999996e+01  -4.9000000000000004e+00   1.6000000000000001e+00 -1 122 #xyz tv3 fid bid
           3.5799999999999997e+01  -1.5000000000000000e+00   1.6000000000000001e+00 #xyz tv0
           3.5799999999999997e+01  -4.9000000000000004e+00   1.6000000000000001e+00 #xyz tv1
           3.2206405144128361e+01  -1.1445616883116883e+00   9.1062499999999993e+00 #xyz tv2
           3.6199999999999996e+01  -4.9000000000000004e+00   1.6000000000000001e+00 -1 122 #xyz tv3 fid bid
           3.5799999999999997e+01  -4.9000000000000004e+00   1.6000000000000001e+00 #xyz tv0
           3.6199999999999996e+01  -4.9000000000000004e+00   1.6000000000000001e+00 #xyz tv1
           3.7500000000000000e+01  -2.5000000000000000e+01   0.0000000000000000e+00 #xyz tv2
           3.7500000000000000e+01  -2.5000000000000000e+01   1.6000000000000001e+00 -1 122 #xyz tv3 fid bid
           3.7500000000000000e+01  -2.5000000000000000e+00   2.4617278194535635e-32 #xyz tv0
           3.5799999999999997e+01  -4.9000000000000004e+00   1.6000000000000001e+00 #xyz tv1
           3.5799999999999997e+01  -1.5000000000000000e+00   1.6000000000000001e+00 #xyz tv2
           3.6199999999999996e+01  -4.9000000000000004e+00   1.6000000000000001e+00 -1 122 #xyz tv3 fid bid
           3.7500000000000000e+01  -2.5000000000000000e+00   2.4617278194535635e-32 #xyz tv0
           3.7500000000000000e+01  -2.5000000000000000e+01   0.0000000000000000e+00 #xyz tv1
           3.5799999999999997e+01  -4.9000000000000004e+00   1.6000000000000001e+00 #xyz tv2
           3.6199999999999996e+01  -4.9000000000000004e+00   1.6000000000000001e+00 -1 122 #xyz tv3 fid bid
           3.5799999999999997e+01  -4.9000000000000004e+00   1.6000000000000001e+00 #xyz tv0
           3.7500000000000000e+01  -2.5000000000000000e+01   1.6000000000000001e+00 #xyz tv1
           3.6199999999999996e+01  -4.9000000000000004e+00   1.6000000000000001e+00 7 -1 #xyz tv2 fid bid
           3.5799999999999997e+01  -4.9000000000000004e+00   1.6000000000000001e+00 #xyz tv0
           3.6199999999999996e+01  -4.9000000000000004e+00   1.6000000000000001e+00 #xyz tv1
           3.5799999999999997e+01  -1.5000000000000000e+00   1.6000000000000001e+00 7 -1 #xyz tv2 fid bid
           3.5799999999999997e+01  -4.9000000000000004e+00   1.6000000000000001e+00 #xyz tv0
           3.6199999999999996e+01  -4.9000000000000004e+00   1.6000000000000001e+00 #xyz tv1
           3.5799999999999997e+01  -1.5000000000000000e+00   1.6000000000000001e+00 89 -1 #xyz tv2 fid bid
           3.6199999999999996e+01  -4.9000000000000004e+00   1.6000000000000001e+00 #xyz ev0
           3.5799999999999997e+01  -4.9000000000000004e+00   1.6000000000000001e+00 -1 122 #xyz ev1 fid bid
   0   0.000000000000e+00   0.000000000000e+00   0.000000000000e+00 #flag location
END_ERR 
G3dErrFileVersion 2018P3.1
FlagFileMetaData Begin
   Mesh Size - Setup1, Refinement, Pass #4, Freq. 1.000000e+09 :Title    
   Listing of mesh elements with small segments. :ToolTip  
   hf3d :Author   
   1703002986 :TimeStamp
FlagFileMetaData End
BEGIN_ERR 
26 Small mesh segment detected on body : Radiation_box
 Small mesh segment detected on body : Radiation_box 
 Segment Statistics - Number of Segments : 1 --- Segment length(s) : 0.400000mm. The cutoff frequency for S-Matrix Only Solve is 2.398339664MHz 
3 -1  7  89  # nfids, fids[]
2 122  -1  # nbids, bids[]
      6 3 1 0 #ntets ntri ned npts
           3.5799999999999997e+01  -4.9000000000000004e+00   1.6000000000000001e+00 #xyz tv0
           3.6199999999999996e+01  -4.9000000000000004e+00   1.6000000000000001e+00 #xyz tv1
           3.6084144795547076e+01  -1.0713154202645761e+01   9.3933388328414846e+00 #xyz tv2
           3.3740816463502227e+01  -4.1648099961231544e-01   6.8257803650535518e+00 -1 122 #xyz tv3 fid bid
           3.5799999999999997e+01  -4.9000000000000004e+00   1.6000000000000001e+00 #xyz tv0
           3.6084144795547076e+01  -1.0713154202645761e+01   9.3933388328414846e+00 #xyz tv1
           3.6199999999999996e+01  -4.9000000000000004e+00   1.6000000000000001e+00 #xyz tv2
           3.7500000000000000e+01  -2.5000000000000000e+01   1.6000000000000001e+00 -1 122 #xyz tv3 fid bid
           3.5799999999999997e+01  -1.5000000000000000e+00   1.6000000000000001e+00 #xyz tv0
           3.5799999999999997e+01  -4.9000000000000004e+00   1.6000000000000001e+00 #xyz tv1
           3.3740816463502227e+01  -4.1648099961231544e-01   6.8257803650535518e+00 #xyz tv2
           3.6199999999999996e+01  -4.9000000000000004e+00   1.6000000000000001e+00 -1 122 #xyz tv3 fid bid
           3.5799999999999997e+01  -4.9000000000000004e+00   1.6000000000000001e+00 #xyz tv0
           3.7500000000000000e+01  -1.3750000000000000e+01   1.2308639097267817e-32 #xyz tv1
           3.7500000000000000e+01  -2.5000000000000000e+01   1.6000000000000001e+00 #xyz tv2
           3.6199999999999996e+01  -4.9000000000000004e+00   1.6000000000000001e+00 -1 122 #xyz tv3 fid bid
           3.7500000000000000e+01  -2.5000000000000000e+00   2.4617278194535635e-32 #xyz tv0
           3.5799999999999997e+01  -4.9000000000000004e+00   1.6000000000000001e+00 #xyz tv1
           3.5799999999999997e+01  -1.5000000000000000e+00   1.6000000000000001e+00 #xyz tv2
           3.6199999999999996e+01  -4.9000000000000004e+00   1.6000000000000001e+00 -1 122 #xyz tv3 fid bid
           3.7500000000000000e+01  -1.3750000000000000e+01   1.2308639097267817e-32 #xyz tv0
           3.6199999999999996e+01  -4.9000000000000004e+00   1.6000000000000001e+00 #xyz tv1
           3.5799999999999997e+01  -4.9000000000000004e+00   1.6000000000000001e+00 #xyz tv2
           3.7500000000000000e+01  -2.5000000000000000e+00   2.4617278194535635e-32 -1 122 #xyz tv3 fid bid
           3.5799999999999997e+01  -4.9000000000000004e+00   1.6000000000000001e+00 #xyz tv0
           3.7500000000000000e+01  -2.5000000000000000e+01   1.6000000000000001e+00 #xyz tv1
           3.6199999999999996e+01  -4.9000000000000004e+00   1.6000000000000001e+00 7 -1 #xyz tv2 fid bid
           3.5799999999999997e+01  -4.9000000000000004e+00   1.6000000000000001e+00 #xyz tv0
           3.6199999999999996e+01  -4.9000000000000004e+00   1.6000000000000001e+00 #xyz tv1
           3.5799999999999997e+01  -1.5000000000000000e+00   1.6000000000000001e+00 7 -1 #xyz tv2 fid bid
           3.5799999999999997e+01  -4.9000000000000004e+00   1.6000000000000001e+00 #xyz tv0
           3.6199999999999996e+01  -4.9000000000000004e+00   1.6000000000000001e+00 #xyz tv1
           3.5799999999999997e+01  -1.5000000000000000e+00   1.6000000000000001e+00 89 -1 #xyz tv2 fid bid
           3.6199999999999996e+01  -4.9000000000000004e+00   1.6000000000000001e+00 #xyz ev0
           3.5799999999999997e+01  -4.9000000000000004e+00   1.6000000000000001e+00 -1 122 #xyz ev1 fid bid
   0   0.000000000000e+00   0.000000000000e+00   0.000000000000e+00 #flag location
END_ERR 
G3dErrFileVersion 2018P3.1
FlagFileMetaData Begin
   Mesh Size - Setup1, Refinement, Pass #5, Freq. 1.000000e+09 :Title    
   Listing of mesh elements with small segments. :ToolTip  
   hf3d :Author   
   1703002989 :TimeStamp
FlagFileMetaData End
BEGIN_ERR 
26 Small mesh segment detected on body : Radiation_box
 Small mesh segment detected on body : Radiation_box 
 Segment Statistics - Number of Segments : 1 --- Segment length(s) : 0.400000mm. The cutoff frequency for S-Matrix Only Solve is 2.398339664MHz 
3 -1  7  89  # nfids, fids[]
2 122  -1  # nbids, bids[]
      6 3 1 0 #ntets ntri ned npts
           3.5799999999999997e+01  -4.9000000000000004e+00   1.6000000000000001e+00 #xyz tv0
           3.6199999999999996e+01  -4.9000000000000004e+00   1.6000000000000001e+00 #xyz tv1
           3.6084144795547076e+01  -1.0713154202645761e+01   9.3933388328414846e+00 #xyz tv2
           3.3740816463502227e+01  -4.1648099961231544e-01   6.8257803650535518e+00 -1 122 #xyz tv3 fid bid
           3.5799999999999997e+01  -4.9000000000000004e+00   1.6000000000000001e+00 #xyz tv0
           3.6084144795547076e+01  -1.0713154202645761e+01   9.3933388328414846e+00 #xyz tv1
           3.6199999999999996e+01  -4.9000000000000004e+00   1.6000000000000001e+00 #xyz tv2
           3.7500000000000000e+01  -2.5000000000000000e+01   1.6000000000000001e+00 -1 122 #xyz tv3 fid bid
           3.5799999999999997e+01  -1.5000000000000000e+00   1.6000000000000001e+00 #xyz tv0
           3.5799999999999997e+01  -4.9000000000000004e+00   1.6000000000000001e+00 #xyz tv1
           3.3740816463502227e+01  -4.1648099961231544e-01   6.8257803650535518e+00 #xyz tv2
           3.6199999999999996e+01  -4.9000000000000004e+00   1.6000000000000001e+00 -1 122 #xyz tv3 fid bid
           3.5799999999999997e+01  -4.9000000000000004e+00   1.6000000000000001e+00 #xyz tv0
           3.7500000000000000e+01  -1.3750000000000000e+01   1.2308639097267817e-32 #xyz tv1
           3.7500000000000000e+01  -2.5000000000000000e+01   1.6000000000000001e+00 #xyz tv2
           3.6199999999999996e+01  -4.9000000000000004e+00   1.6000000000000001e+00 -1 122 #xyz tv3 fid bid
           3.7500000000000000e+01  -2.5000000000000000e+00   2.4617278194535635e-32 #xyz tv0
           3.5799999999999997e+01  -4.9000000000000004e+00   1.6000000000000001e+00 #xyz tv1
           3.5799999999999997e+01  -1.5000000000000000e+00   1.6000000000000001e+00 #xyz tv2
           3.6199999999999996e+01  -4.9000000000000004e+00   1.6000000000000001e+00 -1 122 #xyz tv3 fid bid
           3.7500000000000000e+01  -1.3750000000000000e+01   1.2308639097267817e-32 #xyz tv0
           3.6199999999999996e+01  -4.9000000000000004e+00   1.6000000000000001e+00 #xyz tv1
           3.5799999999999997e+01  -4.9000000000000004e+00   1.6000000000000001e+00 #xyz tv2
           3.7500000000000000e+01  -2.5000000000000000e+00   2.4617278194535635e-32 -1 122 #xyz tv3 fid bid
           3.5799999999999997e+01  -4.9000000000000004e+00   1.6000000000000001e+00 #xyz tv0
           3.7500000000000000e+01  -2.5000000000000000e+01   1.6000000000000001e+00 #xyz tv1
           3.6199999999999996e+01  -4.9000000000000004e+00   1.6000000000000001e+00 7 -1 #xyz tv2 fid bid
           3.5799999999999997e+01  -4.9000000000000004e+00   1.6000000000000001e+00 #xyz tv0
           3.6199999999999996e+01  -4.9000000000000004e+00   1.6000000000000001e+00 #xyz tv1
           3.5799999999999997e+01  -1.5000000000000000e+00   1.6000000000000001e+00 7 -1 #xyz tv2 fid bid
           3.5799999999999997e+01  -4.9000000000000004e+00   1.6000000000000001e+00 #xyz tv0
           3.6199999999999996e+01  -4.9000000000000004e+00   1.6000000000000001e+00 #xyz tv1
           3.5799999999999997e+01  -1.5000000000000000e+00   1.6000000000000001e+00 89 -1 #xyz tv2 fid bid
           3.6199999999999996e+01  -4.9000000000000004e+00   1.6000000000000001e+00 #xyz ev0
           3.5799999999999997e+01  -4.9000000000000004e+00   1.6000000000000001e+00 -1 122 #xyz ev1 fid bid
   0   0.000000000000e+00   0.000000000000e+00   0.000000000000e+00 #flag location
END_ERR 
G3dErrFileVersion 2018P3.1
FlagFileMetaData Begin
   Mesh Size - Setup1, Refinement, Pass #6, Freq. 1.000000e+09 :Title    
   Listing of mesh elements with small segments. :ToolTip  
   hf3d :Author   
   1703002991 :TimeStamp
FlagFileMetaData End
BEGIN_ERR 
26 Small mesh segment detected on body : Substrate
 Small mesh segment detected on body : Substrate 
 Segment Statistics - Number of Segments : 1 --- Segment length(s) : 0.387403mm. The cutoff frequency for S-Matrix Only Solve is 2.398339664MHz 
1 -1  # nfids, fids[]
1 6  # nbids, bids[]
      5 0 1 0 #ntets ntri ned npts
          -1.2746815539476527e+01   1.4138269004407170e-01   2.8876384755291007e-01 #xyz tv0
          -1.2950622558593750e+01   2.9999999999999999e-01   0.0000000000000000e+00 #xyz tv1
          -1.4001877449681519e+01   1.1988343253968257e+00   7.2638888888888897e-01 #xyz tv2
          -1.5189796812863516e+01   1.3816688409321533e-03   6.9764828980440030e-01 -1 6 #xyz tv3 fid bid
          -1.2950622558593750e+01   2.9999999999999999e-01   0.0000000000000000e+00 #xyz tv0
          -1.1452916336059570e+01   1.5000000000000000e+00   1.6000000000000001e+00 #xyz tv1
          -1.2746815539476527e+01   1.4138269004407170e-01   2.8876384755291007e-01 #xyz tv2
          -1.4001877449681519e+01   1.1988343253968257e+00   7.2638888888888897e-01 -1 6 #xyz tv3 fid bid
          -1.3079223632812500e+01  -2.9999999999999999e-01   0.0000000000000000e+00 #xyz tv0
          -1.2950622558593750e+01   2.9999999999999999e-01   0.0000000000000000e+00 #xyz tv1
          -1.2746815539476527e+01   1.4138269004407170e-01   2.8876384755291007e-01 #xyz tv2
          -1.5189796812863516e+01   1.3816688409321533e-03   6.9764828980440030e-01 -1 6 #xyz tv3 fid bid
          -9.6411132812500000e+00  -2.9999999999999999e-01   0.0000000000000000e+00 #xyz tv0
          -1.2950622558593750e+01   2.9999999999999999e-01   0.0000000000000000e+00 #xyz tv1
          -1.1452916336059570e+01   1.5000000000000000e+00   1.6000000000000001e+00 #xyz tv2
          -1.2746815539476527e+01   1.4138269004407170e-01   2.8876384755291007e-01 -1 6 #xyz tv3 fid bid
          -1.3079223632812500e+01  -2.9999999999999999e-01   0.0000000000000000e+00 #xyz tv0
          -1.2746815539476527e+01   1.4138269004407170e-01   2.8876384755291007e-01 #xyz tv1
          -1.2950622558593750e+01   2.9999999999999999e-01   0.0000000000000000e+00 #xyz tv2
          -9.6411132812500000e+00  -2.9999999999999999e-01   0.0000000000000000e+00 -1 6 #xyz tv3 fid bid
          -1.2746815539476527e+01   1.4138269004407170e-01   2.8876384755291007e-01 #xyz ev0
          -1.2950622558593750e+01   2.9999999999999999e-01   0.0000000000000000e+00 -1 6 #xyz ev1 fid bid
   0   0.000000000000e+00   0.000000000000e+00   0.000000000000e+00 #flag location
END_ERR 
