G3dErrFileVersion 2018P3.1
FlagFileMetaData Begin
   Mesh Size - Setup1, Refinement, Pass #1, Freq. 1.000000e+09 :Title    
   Listing of mesh elements with small segments. :ToolTip  
   hf3d :Author   
   1703002573 :TimeStamp
FlagFileMetaData End
BEGIN_ERR 
26 Small mesh segment detected on body : Radiation_box
 Small mesh segment detected on body : Radiation_box 
 Segment Statistics - Number of Segments : 1 --- Segment length(s) : 0.400000mm. The cutoff frequency for S-Matrix Only Solve is 2.398339664MHz 
3 -1  7  89  # nfids, fids[]
2 122  -1  # nbids, bids[]
      4 3 1 0 #ntets ntri ned npts
          -3.6199999999999996e+01  -4.9000000000000004e+00   1.6000000000000001e+00 #xyz tv0
          -3.7500000000000000e+01  -2.5000000000000000e+01   1.6000000000000001e+00 #xyz tv1
           2.5000000000000000e+00   0.0000000000000000e+00   2.5000000000000000e+01 #xyz tv2
          -3.5799999999999997e+01  -4.9000000000000004e+00   1.6000000000000001e+00 -1 122 #xyz tv3 fid bid
          -3.6199999999999996e+01  -4.9000000000000004e+00   1.6000000000000001e+00 #xyz tv0
           2.5000000000000000e+00   0.0000000000000000e+00   2.5000000000000000e+01 #xyz tv1
          -3.6199999999999996e+01  -1.5000000000000000e+00   1.6000000000000001e+00 #xyz tv2
          -3.5799999999999997e+01  -4.9000000000000004e+00   1.6000000000000001e+00 -1 122 #xyz tv3 fid bid
          -3.7500000000000000e+01  -2.5000000000000000e+00   2.4617278194535684e-32 #xyz tv0
          -3.6199999999999996e+01  -4.9000000000000004e+00   1.6000000000000001e+00 #xyz tv1
          -3.5799999999999997e+01  -4.9000000000000004e+00   1.6000000000000001e+00 #xyz tv2
          -3.7500000000000000e+01  -2.5000000000000000e+01   1.6000000000000001e+00 -1 122 #xyz tv3 fid bid
          -3.7500000000000000e+01  -2.5000000000000000e+00   2.4617278194535684e-32 #xyz tv0
          -3.6199999999999996e+01  -1.5000000000000000e+00   1.6000000000000001e+00 #xyz tv1
          -3.5799999999999997e+01  -4.9000000000000004e+00   1.6000000000000001e+00 #xyz tv2
          -3.6199999999999996e+01  -4.9000000000000004e+00   1.6000000000000001e+00 -1 122 #xyz tv3 fid bid
          -3.5799999999999997e+01  -4.9000000000000004e+00   1.6000000000000001e+00 #xyz tv0
          -3.6199999999999996e+01  -4.9000000000000004e+00   1.6000000000000001e+00 #xyz tv1
          -3.7500000000000000e+01  -2.5000000000000000e+01   1.6000000000000001e+00 7 -1 #xyz tv2 fid bid
          -3.5799999999999997e+01  -4.9000000000000004e+00   1.6000000000000001e+00 #xyz tv0
          -3.6199999999999996e+01  -1.5000000000000000e+00   1.6000000000000001e+00 #xyz tv1
          -3.6199999999999996e+01  -4.9000000000000004e+00   1.6000000000000001e+00 7 -1 #xyz tv2 fid bid
          -3.5799999999999997e+01  -4.9000000000000004e+00   1.6000000000000001e+00 #xyz tv0
          -3.6199999999999996e+01  -1.5000000000000000e+00   1.6000000000000001e+00 #xyz tv1
          -3.6199999999999996e+01  -4.9000000000000004e+00   1.6000000000000001e+00 89 -1 #xyz tv2 fid bid
          -3.5799999999999997e+01  -4.9000000000000004e+00   1.6000000000000001e+00 #xyz ev0
          -3.6199999999999996e+01  -4.9000000000000004e+00   1.6000000000000001e+00 -1 122 #xyz ev1 fid bid
   0   0.000000000000e+00   0.000000000000e+00   0.000000000000e+00 #flag location
END_ERR 
G3dErrFileVersion 2018P3.1
FlagFileMetaData Begin
   Mesh Size - Setup1, Refinement, Pass #2, Freq. 1.000000e+09 :Title    
   Listing of mesh elements with small segments. :ToolTip  
   hf3d :Author   
   1703002576 :TimeStamp
FlagFileMetaData End
BEGIN_ERR 
26 Small mesh segment detected on body : Radiation_box
 Small mesh segment detected on body : Radiation_box 
 Segment Statistics - Number of Segments : 1 --- Segment length(s) : 0.400000mm. The cutoff frequency for S-Matrix Only Solve is 2.398339664MHz 
3 -1  7  89  # nfids, fids[]
2 122  -1  # nbids, bids[]
      4 3 1 0 #ntets ntri ned npts
          -3.6199999999999996e+01  -1.5000000000000000e+00   1.6000000000000001e+00 #xyz tv0
          -2.8750000000000000e+01  -2.2500000000000000e+01   2.5000000000000000e+01 #xyz tv1
          -3.5799999999999997e+01  -4.9000000000000004e+00   1.6000000000000001e+00 #xyz tv2
          -3.6199999999999996e+01  -4.9000000000000004e+00   1.6000000000000001e+00 -1 122 #xyz tv3 fid bid
          -3.5799999999999997e+01  -4.9000000000000004e+00   1.6000000000000001e+00 #xyz tv0
          -2.8750000000000000e+01  -2.2500000000000000e+01   2.5000000000000000e+01 #xyz tv1
          -3.7500000000000000e+01  -2.5000000000000000e+01   1.6000000000000001e+00 #xyz tv2
          -3.6199999999999996e+01  -4.9000000000000004e+00   1.6000000000000001e+00 -1 122 #xyz tv3 fid bid
          -3.7500000000000000e+01  -2.5000000000000000e+00   2.4617278194535684e-32 #xyz tv0
          -3.6199999999999996e+01  -1.5000000000000000e+00   1.6000000000000001e+00 #xyz tv1
          -3.5799999999999997e+01  -4.9000000000000004e+00   1.6000000000000001e+00 #xyz tv2
          -3.6199999999999996e+01  -4.9000000000000004e+00   1.6000000000000001e+00 -1 122 #xyz tv3 fid bid
          -3.7500000000000000e+01  -2.5000000000000000e+00   2.4617278194535684e-32 #xyz tv0
          -3.6199999999999996e+01  -4.9000000000000004e+00   1.6000000000000001e+00 #xyz tv1
          -3.5799999999999997e+01  -4.9000000000000004e+00   1.6000000000000001e+00 #xyz tv2
          -3.7500000000000000e+01  -2.5000000000000000e+01   1.6000000000000001e+00 -1 122 #xyz tv3 fid bid
          -3.5799999999999997e+01  -4.9000000000000004e+00   1.6000000000000001e+00 #xyz tv0
          -3.6199999999999996e+01  -4.9000000000000004e+00   1.6000000000000001e+00 #xyz tv1
          -3.7500000000000000e+01  -2.5000000000000000e+01   1.6000000000000001e+00 7 -1 #xyz tv2 fid bid
          -3.5799999999999997e+01  -4.9000000000000004e+00   1.6000000000000001e+00 #xyz tv0
          -3.6199999999999996e+01  -1.5000000000000000e+00   1.6000000000000001e+00 #xyz tv1
          -3.6199999999999996e+01  -4.9000000000000004e+00   1.6000000000000001e+00 7 -1 #xyz tv2 fid bid
          -3.5799999999999997e+01  -4.9000000000000004e+00   1.6000000000000001e+00 #xyz tv0
          -3.6199999999999996e+01  -1.5000000000000000e+00   1.6000000000000001e+00 #xyz tv1
          -3.6199999999999996e+01  -4.9000000000000004e+00   1.6000000000000001e+00 89 -1 #xyz tv2 fid bid
          -3.5799999999999997e+01  -4.9000000000000004e+00   1.6000000000000001e+00 #xyz ev0
          -3.6199999999999996e+01  -4.9000000000000004e+00   1.6000000000000001e+00 -1 122 #xyz ev1 fid bid
   0   0.000000000000e+00   0.000000000000e+00   0.000000000000e+00 #flag location
END_ERR 
G3dErrFileVersion 2018P3.1
FlagFileMetaData Begin
   Mesh Size - Setup1, Refinement, Pass #3, Freq. 1.000000e+09 :Title    
   Listing of mesh elements with small segments. :ToolTip  
   hf3d :Author   
   1703002578 :TimeStamp
FlagFileMetaData End
BEGIN_ERR 
26 Small mesh segment detected on body : Radiation_box
 Small mesh segment detected on body : Radiation_box 
 Segment Statistics - Number of Segments : 1 --- Segment length(s) : 0.400000mm. The cutoff frequency for S-Matrix Only Solve is 2.398339664MHz 
3 -1  7  89  # nfids, fids[]
2 122  -1  # nbids, bids[]
      4 3 1 0 #ntets ntri ned npts
          -3.5799999999999997e+01  -4.9000000000000004e+00   1.6000000000000001e+00 #xyz tv0
          -2.8488779578189302e+01  -2.2311921296296298e+01   2.5000000000000000e+01 #xyz tv1
          -3.7500000000000000e+01  -2.5000000000000000e+01   1.6000000000000001e+00 #xyz tv2
          -3.6199999999999996e+01  -4.9000000000000004e+00   1.6000000000000001e+00 -1 122 #xyz tv3 fid bid
          -3.7500000000000000e+01  -2.5000000000000000e+00   2.4617278194535684e-32 #xyz tv0
          -3.6199999999999996e+01  -4.9000000000000004e+00   1.6000000000000001e+00 #xyz tv1
          -3.5799999999999997e+01  -4.9000000000000004e+00   1.6000000000000001e+00 #xyz tv2
          -3.7500000000000000e+01  -2.5000000000000000e+01   1.6000000000000001e+00 -1 122 #xyz tv3 fid bid
          -3.6199999999999996e+01  -1.5000000000000000e+00   1.6000000000000001e+00 #xyz tv0
          -2.8488779578189302e+01  -2.2311921296296298e+01   2.5000000000000000e+01 #xyz tv1
          -3.5799999999999997e+01  -4.9000000000000004e+00   1.6000000000000001e+00 #xyz tv2
          -3.6199999999999996e+01  -4.9000000000000004e+00   1.6000000000000001e+00 -1 122 #xyz tv3 fid bid
          -3.7500000000000000e+01  -2.5000000000000000e+00   2.4617278194535684e-32 #xyz tv0
          -3.6199999999999996e+01  -1.5000000000000000e+00   1.6000000000000001e+00 #xyz tv1
          -3.5799999999999997e+01  -4.9000000000000004e+00   1.6000000000000001e+00 #xyz tv2
          -3.6199999999999996e+01  -4.9000000000000004e+00   1.6000000000000001e+00 -1 122 #xyz tv3 fid bid
          -3.5799999999999997e+01  -4.9000000000000004e+00   1.6000000000000001e+00 #xyz tv0
          -3.6199999999999996e+01  -4.9000000000000004e+00   1.6000000000000001e+00 #xyz tv1
          -3.7500000000000000e+01  -2.5000000000000000e+01   1.6000000000000001e+00 7 -1 #xyz tv2 fid bid
          -3.5799999999999997e+01  -4.9000000000000004e+00   1.6000000000000001e+00 #xyz tv0
          -3.6199999999999996e+01  -1.5000000000000000e+00   1.6000000000000001e+00 #xyz tv1
          -3.6199999999999996e+01  -4.9000000000000004e+00   1.6000000000000001e+00 7 -1 #xyz tv2 fid bid
          -3.5799999999999997e+01  -4.9000000000000004e+00   1.6000000000000001e+00 #xyz tv0
          -3.6199999999999996e+01  -1.5000000000000000e+00   1.6000000000000001e+00 #xyz tv1
          -3.6199999999999996e+01  -4.9000000000000004e+00   1.6000000000000001e+00 89 -1 #xyz tv2 fid bid
          -3.5799999999999997e+01  -4.9000000000000004e+00   1.6000000000000001e+00 #xyz ev0
          -3.6199999999999996e+01  -4.9000000000000004e+00   1.6000000000000001e+00 -1 122 #xyz ev1 fid bid
   0   0.000000000000e+00   0.000000000000e+00   0.000000000000e+00 #flag location
END_ERR 
G3dErrFileVersion 2018P3.1
FlagFileMetaData Begin
   Mesh Size - Setup1, Refinement, Pass #4, Freq. 1.000000e+09 :Title    
   Listing of mesh elements with small segments. :ToolTip  
   hf3d :Author   
   1703002581 :TimeStamp
FlagFileMetaData End
BEGIN_ERR 
26 Small mesh segment detected on body : Radiation_box
 Small mesh segment detected on body : Radiation_box 
 Segment Statistics - Number of Segments : 1 --- Segment length(s) : 0.400000mm. The cutoff frequency for S-Matrix Only Solve is 2.398339664MHz 
3 -1  7  89  # nfids, fids[]
2 122  -1  # nbids, bids[]
      6 3 1 0 #ntets ntri ned npts
           3.5799999999999997e+01  -4.9000000000000004e+00   1.6000000000000001e+00 #xyz tv0
           3.6199999999999996e+01  -4.9000000000000004e+00   1.6000000000000001e+00 #xyz tv1
           3.6358652718861350e+01  -1.4455905752776150e+01   1.0113641496311665e+01 #xyz tv2
           3.3402563400839270e+01   8.6206896551719236e-04   9.2327586206896548e+00 -1 122 #xyz tv3 fid bid
           3.5799999999999997e+01  -4.9000000000000004e+00   1.6000000000000001e+00 #xyz tv0
           3.6358652718861350e+01  -1.4455905752776150e+01   1.0113641496311665e+01 #xyz tv1
           3.6199999999999996e+01  -4.9000000000000004e+00   1.6000000000000001e+00 #xyz tv2
           3.7500000000000000e+01  -2.5000000000000000e+01   1.6000000000000001e+00 -1 122 #xyz tv3 fid bid
           3.5799999999999997e+01  -1.5000000000000000e+00   1.6000000000000001e+00 #xyz tv0
           3.5799999999999997e+01  -4.9000000000000004e+00   1.6000000000000001e+00 #xyz tv1
           3.3402563400839270e+01   8.6206896551719236e-04   9.2327586206896548e+00 #xyz tv2
           3.6199999999999996e+01  -4.9000000000000004e+00   1.6000000000000001e+00 -1 122 #xyz tv3 fid bid
           3.5799999999999997e+01  -4.9000000000000004e+00   1.6000000000000001e+00 #xyz tv0
           3.7500000000000000e+01  -1.3750000000000000e+01   1.2308639097267817e-32 #xyz tv1
           3.7500000000000000e+01  -2.5000000000000000e+01   1.6000000000000001e+00 #xyz tv2
           3.6199999999999996e+01  -4.9000000000000004e+00   1.6000000000000001e+00 -1 122 #xyz tv3 fid bid
           3.7500000000000000e+01  -2.5000000000000000e+00   2.4617278194535635e-32 #xyz tv0
           3.5799999999999997e+01  -4.9000000000000004e+00   1.6000000000000001e+00 #xyz tv1
           3.5799999999999997e+01  -1.5000000000000000e+00   1.6000000000000001e+00 #xyz tv2
           3.6199999999999996e+01  -4.9000000000000004e+00   1.6000000000000001e+00 -1 122 #xyz tv3 fid bid
           3.7500000000000000e+01  -1.3750000000000000e+01   1.2308639097267817e-32 #xyz tv0
           3.6199999999999996e+01  -4.9000000000000004e+00   1.6000000000000001e+00 #xyz tv1
           3.5799999999999997e+01  -4.9000000000000004e+00   1.6000000000000001e+00 #xyz tv2
           3.7500000000000000e+01  -2.5000000000000000e+00   2.4617278194535635e-32 -1 122 #xyz tv3 fid bid
           3.5799999999999997e+01  -4.9000000000000004e+00   1.6000000000000001e+00 #xyz tv0
           3.7500000000000000e+01  -2.5000000000000000e+01   1.6000000000000001e+00 #xyz tv1
           3.6199999999999996e+01  -4.9000000000000004e+00   1.6000000000000001e+00 7 -1 #xyz tv2 fid bid
           3.5799999999999997e+01  -4.9000000000000004e+00   1.6000000000000001e+00 #xyz tv0
           3.6199999999999996e+01  -4.9000000000000004e+00   1.6000000000000001e+00 #xyz tv1
           3.5799999999999997e+01  -1.5000000000000000e+00   1.6000000000000001e+00 7 -1 #xyz tv2 fid bid
           3.5799999999999997e+01  -4.9000000000000004e+00   1.6000000000000001e+00 #xyz tv0
           3.6199999999999996e+01  -4.9000000000000004e+00   1.6000000000000001e+00 #xyz tv1
           3.5799999999999997e+01  -1.5000000000000000e+00   1.6000000000000001e+00 89 -1 #xyz tv2 fid bid
           3.6199999999999996e+01  -4.9000000000000004e+00   1.6000000000000001e+00 #xyz ev0
           3.5799999999999997e+01  -4.9000000000000004e+00   1.6000000000000001e+00 -1 122 #xyz ev1 fid bid
   0   0.000000000000e+00   0.000000000000e+00   0.000000000000e+00 #flag location
END_ERR 
G3dErrFileVersion 2018P3.1
FlagFileMetaData Begin
   Mesh Size - Setup1, Refinement, Pass #5, Freq. 1.000000e+09 :Title    
   Listing of mesh elements with small segments. :ToolTip  
   hf3d :Author   
   1703002583 :TimeStamp
FlagFileMetaData End
BEGIN_ERR 
26 Small mesh segment detected on body : Radiation_box
 Small mesh segment detected on body : Radiation_box 
 Segment Statistics - Number of Segments : 1 --- Segment length(s) : 0.400000mm. The cutoff frequency for S-Matrix Only Solve is 2.398339664MHz 
3 -1  7  89  # nfids, fids[]
2 122  -1  # nbids, bids[]
      6 3 1 0 #ntets ntri ned npts
          -3.5799999999999997e+01  -4.9000000000000004e+00   1.6000000000000001e+00 #xyz tv0
          -3.2911175442393890e+01  -1.9952836441980388e+01   2.5000000000000000e+01 #xyz tv1
          -3.5832432109342932e+01  -1.2357926032753065e+01   1.6000000000000001e+00 #xyz tv2
          -3.6199999999999996e+01  -4.9000000000000004e+00   1.6000000000000001e+00 -1 122 #xyz tv3 fid bid
          -3.6199999999999996e+01  -4.9000000000000004e+00   1.6000000000000001e+00 #xyz tv0
          -3.5799999999999997e+01  -4.9000000000000004e+00   1.6000000000000001e+00 #xyz tv1
          -3.7500000000000000e+01  -1.3750000000000000e+01   1.2308639097267842e-32 #xyz tv2
          -3.5832432109342932e+01  -1.2357926032753065e+01   1.6000000000000001e+00 -1 122 #xyz tv3 fid bid
          -3.6199999999999996e+01  -4.9000000000000004e+00   1.6000000000000001e+00 #xyz tv0
          -3.2911175442393890e+01  -1.9952836441980388e+01   2.5000000000000000e+01 #xyz tv1
          -3.0859257083687979e+01  -1.8110640181946929e+00   6.0806905389672767e+00 #xyz tv2
          -3.5799999999999997e+01  -4.9000000000000004e+00   1.6000000000000001e+00 -1 122 #xyz tv3 fid bid
          -3.6199999999999996e+01  -4.9000000000000004e+00   1.6000000000000001e+00 #xyz tv0
          -3.7500000000000000e+01  -1.3750000000000000e+01   1.2308639097267842e-32 #xyz tv1
          -3.5799999999999997e+01  -4.9000000000000004e+00   1.6000000000000001e+00 #xyz tv2
          -3.7500000000000000e+01  -2.5000000000000000e+00   2.4617278194535684e-32 -1 122 #xyz tv3 fid bid
          -3.6199999999999996e+01  -4.9000000000000004e+00   1.6000000000000001e+00 #xyz tv0
          -3.5799999999999997e+01  -4.9000000000000004e+00   1.6000000000000001e+00 #xyz tv1
          -3.0859257083687979e+01  -1.8110640181946929e+00   6.0806905389672767e+00 #xyz tv2
          -3.6199999999999996e+01  -1.5000000000000000e+00   1.6000000000000001e+00 -1 122 #xyz tv3 fid bid
          -3.7500000000000000e+01  -2.5000000000000000e+00   2.4617278194535684e-32 #xyz tv0
          -3.6199999999999996e+01  -1.5000000000000000e+00   1.6000000000000001e+00 #xyz tv1
          -3.5799999999999997e+01  -4.9000000000000004e+00   1.6000000000000001e+00 #xyz tv2
          -3.6199999999999996e+01  -4.9000000000000004e+00   1.6000000000000001e+00 -1 122 #xyz tv3 fid bid
          -3.5832432109342932e+01  -1.2357926032753065e+01   1.6000000000000001e+00 #xyz tv0
          -3.5799999999999997e+01  -4.9000000000000004e+00   1.6000000000000001e+00 #xyz tv1
          -3.6199999999999996e+01  -4.9000000000000004e+00   1.6000000000000001e+00 7 -1 #xyz tv2 fid bid
          -3.5799999999999997e+01  -4.9000000000000004e+00   1.6000000000000001e+00 #xyz tv0
          -3.6199999999999996e+01  -1.5000000000000000e+00   1.6000000000000001e+00 #xyz tv1
          -3.6199999999999996e+01  -4.9000000000000004e+00   1.6000000000000001e+00 7 -1 #xyz tv2 fid bid
          -3.5799999999999997e+01  -4.9000000000000004e+00   1.6000000000000001e+00 #xyz tv0
          -3.6199999999999996e+01  -1.5000000000000000e+00   1.6000000000000001e+00 #xyz tv1
          -3.6199999999999996e+01  -4.9000000000000004e+00   1.6000000000000001e+00 89 -1 #xyz tv2 fid bid
          -3.5799999999999997e+01  -4.9000000000000004e+00   1.6000000000000001e+00 #xyz ev0
          -3.6199999999999996e+01  -4.9000000000000004e+00   1.6000000000000001e+00 -1 122 #xyz ev1 fid bid
   0   0.000000000000e+00   0.000000000000e+00   0.000000000000e+00 #flag location
END_ERR 
G3dErrFileVersion 2018P3.1
FlagFileMetaData Begin
   Mesh Size - Setup1, Refinement, Pass #6, Freq. 1.000000e+09 :Title    
   Listing of mesh elements with small segments. :ToolTip  
   hf3d :Author   
   1703002586 :TimeStamp
FlagFileMetaData End
BEGIN_ERR 
26 Small mesh segment detected on body : Radiation_box
 Small mesh segment detected on body : Radiation_box 
 Segment Statistics - Number of Segments : 1 --- Segment length(s) : 0.400000mm. The cutoff frequency for S-Matrix Only Solve is 2.398339664MHz 
3 -1  7  89  # nfids, fids[]
2 122  -1  # nbids, bids[]
      6 3 1 0 #ntets ntri ned npts
          -3.5799999999999997e+01  -4.9000000000000004e+00   1.6000000000000001e+00 #xyz tv0
          -3.3384788514321151e+01  -1.8335481827417020e+01   2.5000000000000000e+01 #xyz tv1
          -3.5570258033077344e+01  -1.1654876721255107e+01   1.6000000000000001e+00 #xyz tv2
          -3.6199999999999996e+01  -4.9000000000000004e+00   1.6000000000000001e+00 -1 122 #xyz tv3 fid bid
          -3.6199999999999996e+01  -4.9000000000000004e+00   1.6000000000000001e+00 #xyz tv0
          -3.5799999999999997e+01  -4.9000000000000004e+00   1.6000000000000001e+00 #xyz tv1
          -3.7500000000000000e+01  -1.3750000000000000e+01   1.2308639097267842e-32 #xyz tv2
          -3.5570258033077344e+01  -1.1654876721255107e+01   1.6000000000000001e+00 -1 122 #xyz tv3 fid bid
          -3.6199999999999996e+01  -4.9000000000000004e+00   1.6000000000000001e+00 #xyz tv0
          -3.3384788514321151e+01  -1.8335481827417020e+01   2.5000000000000000e+01 #xyz tv1
          -3.0859257083687979e+01  -1.8110640181946929e+00   6.0806905389672767e+00 #xyz tv2
          -3.5799999999999997e+01  -4.9000000000000004e+00   1.6000000000000001e+00 -1 122 #xyz tv3 fid bid
          -3.6199999999999996e+01  -4.9000000000000004e+00   1.6000000000000001e+00 #xyz tv0
          -3.7500000000000000e+01  -1.3750000000000000e+01   1.2308639097267842e-32 #xyz tv1
          -3.5799999999999997e+01  -4.9000000000000004e+00   1.6000000000000001e+00 #xyz tv2
          -3.7500000000000000e+01  -2.5000000000000000e+00   2.4617278194535684e-32 -1 122 #xyz tv3 fid bid
          -3.6199999999999996e+01  -4.9000000000000004e+00   1.6000000000000001e+00 #xyz tv0
          -3.5799999999999997e+01  -4.9000000000000004e+00   1.6000000000000001e+00 #xyz tv1
          -3.0859257083687979e+01  -1.8110640181946929e+00   6.0806905389672767e+00 #xyz tv2
          -3.6199999999999996e+01  -1.5000000000000000e+00   1.6000000000000001e+00 -1 122 #xyz tv3 fid bid
          -3.7500000000000000e+01  -2.5000000000000000e+00   2.4617278194535684e-32 #xyz tv0
          -3.6199999999999996e+01  -1.5000000000000000e+00   1.6000000000000001e+00 #xyz tv1
          -3.5799999999999997e+01  -4.9000000000000004e+00   1.6000000000000001e+00 #xyz tv2
          -3.6199999999999996e+01  -4.9000000000000004e+00   1.6000000000000001e+00 -1 122 #xyz tv3 fid bid
          -3.5570258033077344e+01  -1.1654876721255107e+01   1.6000000000000001e+00 #xyz tv0
          -3.5799999999999997e+01  -4.9000000000000004e+00   1.6000000000000001e+00 #xyz tv1
          -3.6199999999999996e+01  -4.9000000000000004e+00   1.6000000000000001e+00 7 -1 #xyz tv2 fid bid
          -3.5799999999999997e+01  -4.9000000000000004e+00   1.6000000000000001e+00 #xyz tv0
          -3.6199999999999996e+01  -1.5000000000000000e+00   1.6000000000000001e+00 #xyz tv1
          -3.6199999999999996e+01  -4.9000000000000004e+00   1.6000000000000001e+00 7 -1 #xyz tv2 fid bid
          -3.5799999999999997e+01  -4.9000000000000004e+00   1.6000000000000001e+00 #xyz tv0
          -3.6199999999999996e+01  -1.5000000000000000e+00   1.6000000000000001e+00 #xyz tv1
          -3.6199999999999996e+01  -4.9000000000000004e+00   1.6000000000000001e+00 89 -1 #xyz tv2 fid bid
          -3.5799999999999997e+01  -4.9000000000000004e+00   1.6000000000000001e+00 #xyz ev0
          -3.6199999999999996e+01  -4.9000000000000004e+00   1.6000000000000001e+00 -1 122 #xyz ev1 fid bid
   0   0.000000000000e+00   0.000000000000e+00   0.000000000000e+00 #flag location
END_ERR 
