G3dErrFileVersion 2018P3.1
FlagFileMetaData Begin
   Mesh Size - Setup1, Refinement, Pass #1, Freq. 1.000000e+09 :Title    
   Listing of mesh elements with small segments. :ToolTip  
   hf3d :Author   
   1703139389 :TimeStamp
FlagFileMetaData End
BEGIN_ERR 
26 Small mesh segment detected on body : Radiation_box
 Small mesh segment detected on body : Radiation_box 
 Segment Statistics - Number of Segments : 1 --- Segment length(s) : 0.400000mm. The cutoff frequency for S-Matrix Only Solve is 2.398339664MHz 
3 -1  7  89  # nfids, fids[]
2 122  -1  # nbids, bids[]
      5 3 1 0 #ntets ntri ned npts
          -3.7500000000000000e+01  -2.5000000000000000e+01   1.6000000000000001e+00 #xyz tv0
           2.5000000000000000e+00   0.0000000000000000e+00   2.5000000000000000e+01 #xyz tv1
          -3.6199999999999996e+01  -4.9000000000000004e+00   1.6000000000000001e+00 #xyz tv2
          -3.5799999999999997e+01  -4.9000000000000004e+00   1.6000000000000001e+00 -1 122 #xyz tv3 fid bid
          -3.6199999999999996e+01  -1.5000000000000000e+00   1.6000000000000001e+00 #xyz tv0
          -3.6199999999999996e+01  -4.9000000000000004e+00   1.6000000000000001e+00 #xyz tv1
           2.5000000000000000e+00   0.0000000000000000e+00   2.5000000000000000e+01 #xyz tv2
          -3.5799999999999997e+01  -4.9000000000000004e+00   1.6000000000000001e+00 -1 122 #xyz tv3 fid bid
          -3.7500000000000000e+01  -2.5000000000000000e+01   0.0000000000000000e+00 #xyz tv0
          -3.6199999999999996e+01  -4.9000000000000004e+00   1.6000000000000001e+00 #xyz tv1
          -3.5799999999999997e+01  -4.9000000000000004e+00   1.6000000000000001e+00 #xyz tv2
          -3.7500000000000000e+01  -2.5000000000000000e+01   1.6000000000000001e+00 -1 122 #xyz tv3 fid bid
          -3.7500000000000000e+01  -2.5000000000000000e+00   2.4617278194535684e-32 #xyz tv0
          -3.6199999999999996e+01  -1.5000000000000000e+00   1.6000000000000001e+00 #xyz tv1
          -3.5799999999999997e+01  -4.9000000000000004e+00   1.6000000000000001e+00 #xyz tv2
          -3.6199999999999996e+01  -4.9000000000000004e+00   1.6000000000000001e+00 -1 122 #xyz tv3 fid bid
          -3.7500000000000000e+01  -2.5000000000000000e+00   2.4617278194535684e-32 #xyz tv0
          -3.5799999999999997e+01  -4.9000000000000004e+00   1.6000000000000001e+00 #xyz tv1
          -3.7500000000000000e+01  -2.5000000000000000e+01   0.0000000000000000e+00 #xyz tv2
          -3.6199999999999996e+01  -4.9000000000000004e+00   1.6000000000000001e+00 -1 122 #xyz tv3 fid bid
          -3.5799999999999997e+01  -4.9000000000000004e+00   1.6000000000000001e+00 #xyz tv0
          -3.6199999999999996e+01  -4.9000000000000004e+00   1.6000000000000001e+00 #xyz tv1
          -3.7500000000000000e+01  -2.5000000000000000e+01   1.6000000000000001e+00 7 -1 #xyz tv2 fid bid
          -3.5799999999999997e+01  -4.9000000000000004e+00   1.6000000000000001e+00 #xyz tv0
          -3.6199999999999996e+01  -1.5000000000000000e+00   1.6000000000000001e+00 #xyz tv1
          -3.6199999999999996e+01  -4.9000000000000004e+00   1.6000000000000001e+00 7 -1 #xyz tv2 fid bid
          -3.5799999999999997e+01  -4.9000000000000004e+00   1.6000000000000001e+00 #xyz tv0
          -3.6199999999999996e+01  -1.5000000000000000e+00   1.6000000000000001e+00 #xyz tv1
          -3.6199999999999996e+01  -4.9000000000000004e+00   1.6000000000000001e+00 89 -1 #xyz tv2 fid bid
          -3.5799999999999997e+01  -4.9000000000000004e+00   1.6000000000000001e+00 #xyz ev0
          -3.6199999999999996e+01  -4.9000000000000004e+00   1.6000000000000001e+00 -1 122 #xyz ev1 fid bid
   0   0.000000000000e+00   0.000000000000e+00   0.000000000000e+00 #flag location
END_ERR 
G3dErrFileVersion 2018P3.1
FlagFileMetaData Begin
   Mesh Size - Setup1, Refinement, Pass #2, Freq. 1.000000e+09 :Title    
   Listing of mesh elements with small segments. :ToolTip  
   hf3d :Author   
   1703139391 :TimeStamp
FlagFileMetaData End
BEGIN_ERR 
26 Small mesh segment detected on body : Radiation_box
 Small mesh segment detected on body : Radiation_box 
 Segment Statistics - Number of Segments : 1 --- Segment length(s) : 0.400000mm. The cutoff frequency for S-Matrix Only Solve is 2.398339664MHz 
3 -1  7  89  # nfids, fids[]
2 122  -1  # nbids, bids[]
      5 3 1 0 #ntets ntri ned npts
          -3.5799999999999997e+01  -4.9000000000000004e+00   1.6000000000000001e+00 #xyz tv0
          -3.6199999999999996e+01  -1.5000000000000000e+00   1.6000000000000001e+00 #xyz tv1
          -3.6583271329365076e+01   3.9062500000000000e-02   1.0224999999999998e+01 #xyz tv2
          -3.6199999999999996e+01  -4.9000000000000004e+00   1.6000000000000001e+00 -1 122 #xyz tv3 fid bid
          -3.7500000000000000e+01  -2.5000000000000000e+01   1.6000000000000001e+00 #xyz tv0
          -3.5799999999999997e+01  -4.9000000000000004e+00   1.6000000000000001e+00 #xyz tv1
          -3.6583271329365076e+01   3.9062500000000000e-02   1.0224999999999998e+01 #xyz tv2
          -3.6199999999999996e+01  -4.9000000000000004e+00   1.6000000000000001e+00 -1 122 #xyz tv3 fid bid
          -3.7500000000000000e+01  -2.5000000000000000e+00   2.4617278194535684e-32 #xyz tv0
          -3.6199999999999996e+01  -1.5000000000000000e+00   1.6000000000000001e+00 #xyz tv1
          -3.5799999999999997e+01  -4.9000000000000004e+00   1.6000000000000001e+00 #xyz tv2
          -3.6199999999999996e+01  -4.9000000000000004e+00   1.6000000000000001e+00 -1 122 #xyz tv3 fid bid
          -3.7500000000000000e+01  -2.5000000000000000e+01   0.0000000000000000e+00 #xyz tv0
          -3.6199999999999996e+01  -4.9000000000000004e+00   1.6000000000000001e+00 #xyz tv1
          -3.5799999999999997e+01  -4.9000000000000004e+00   1.6000000000000001e+00 #xyz tv2
          -3.7500000000000000e+01  -2.5000000000000000e+01   1.6000000000000001e+00 -1 122 #xyz tv3 fid bid
          -3.7500000000000000e+01  -2.5000000000000000e+00   2.4617278194535684e-32 #xyz tv0
          -3.5799999999999997e+01  -4.9000000000000004e+00   1.6000000000000001e+00 #xyz tv1
          -3.7500000000000000e+01  -2.5000000000000000e+01   0.0000000000000000e+00 #xyz tv2
          -3.6199999999999996e+01  -4.9000000000000004e+00   1.6000000000000001e+00 -1 122 #xyz tv3 fid bid
          -3.5799999999999997e+01  -4.9000000000000004e+00   1.6000000000000001e+00 #xyz tv0
          -3.6199999999999996e+01  -4.9000000000000004e+00   1.6000000000000001e+00 #xyz tv1
          -3.7500000000000000e+01  -2.5000000000000000e+01   1.6000000000000001e+00 7 -1 #xyz tv2 fid bid
          -3.5799999999999997e+01  -4.9000000000000004e+00   1.6000000000000001e+00 #xyz tv0
          -3.6199999999999996e+01  -1.5000000000000000e+00   1.6000000000000001e+00 #xyz tv1
          -3.6199999999999996e+01  -4.9000000000000004e+00   1.6000000000000001e+00 7 -1 #xyz tv2 fid bid
          -3.5799999999999997e+01  -4.9000000000000004e+00   1.6000000000000001e+00 #xyz tv0
          -3.6199999999999996e+01  -1.5000000000000000e+00   1.6000000000000001e+00 #xyz tv1
          -3.6199999999999996e+01  -4.9000000000000004e+00   1.6000000000000001e+00 89 -1 #xyz tv2 fid bid
          -3.5799999999999997e+01  -4.9000000000000004e+00   1.6000000000000001e+00 #xyz ev0
          -3.6199999999999996e+01  -4.9000000000000004e+00   1.6000000000000001e+00 -1 122 #xyz ev1 fid bid
   0   0.000000000000e+00   0.000000000000e+00   0.000000000000e+00 #flag location
END_ERR 
G3dErrFileVersion 2018P3.1
FlagFileMetaData Begin
   Mesh Size - Setup1, Refinement, Pass #3, Freq. 1.000000e+09 :Title    
   Listing of mesh elements with small segments. :ToolTip  
   hf3d :Author   
   1703139394 :TimeStamp
FlagFileMetaData End
BEGIN_ERR 
26 Small mesh segment detected on body : Radiation_box
 Small mesh segment detected on body : Radiation_box 
 Segment Statistics - Number of Segments : 1 --- Segment length(s) : 0.400000mm. The cutoff frequency for S-Matrix Only Solve is 2.398339664MHz 
3 -1  7  89  # nfids, fids[]
2 122  -1  # nbids, bids[]
      6 3 1 0 #ntets ntri ned npts
           3.5799999999999997e+01  -4.9000000000000004e+00   1.6000000000000001e+00 #xyz tv0
           3.3405205186966448e+01  -9.5574093553761799e+00   9.2408811115194762e+00 #xyz tv1
           3.6199999999999996e+01  -4.9000000000000004e+00   1.6000000000000001e+00 #xyz tv2
           3.7500000000000000e+01  -1.3750000000000000e+01   1.6000000000000001e+00 -1 122 #xyz tv3 fid bid
           3.5799999999999997e+01  -4.9000000000000004e+00   1.6000000000000001e+00 #xyz tv0
           3.3405205186966448e+01  -9.5574093553761799e+00   9.2408811115194762e+00 #xyz tv1
           3.2966876518697575e+01   7.2004545889825822e-01   6.8022985998376635e+00 #xyz tv2
           3.6199999999999996e+01  -4.9000000000000004e+00   1.6000000000000001e+00 -1 122 #xyz tv3 fid bid
           3.6199999999999996e+01  -4.9000000000000004e+00   1.6000000000000001e+00 #xyz tv0
           3.7500000000000000e+01  -1.3750000000000000e+01   1.6000000000000001e+00 #xyz tv1
           3.7500000000000000e+01  -1.3750000000000000e+01   1.2308639097267817e-32 #xyz tv2
           3.5799999999999997e+01  -4.9000000000000004e+00   1.6000000000000001e+00 -1 122 #xyz tv3 fid bid
           3.5799999999999997e+01  -4.9000000000000004e+00   1.6000000000000001e+00 #xyz tv0
           3.2966876518697575e+01   7.2004545889825822e-01   6.8022985998376635e+00 #xyz tv1
           3.5799999999999997e+01  -1.5000000000000000e+00   1.6000000000000001e+00 #xyz tv2
           3.6199999999999996e+01  -4.9000000000000004e+00   1.6000000000000001e+00 -1 122 #xyz tv3 fid bid
           3.6199999999999996e+01  -4.9000000000000004e+00   1.6000000000000001e+00 #xyz tv0
           3.5799999999999997e+01  -4.9000000000000004e+00   1.6000000000000001e+00 #xyz tv1
           3.7500000000000000e+01  -1.3750000000000000e+01   1.2308639097267817e-32 #xyz tv2
           3.7500000000000000e+01  -2.5000000000000000e+00   2.4617278194535635e-32 -1 122 #xyz tv3 fid bid
           3.5799999999999997e+01  -1.5000000000000000e+00   1.6000000000000001e+00 #xyz tv0
           3.7500000000000000e+01  -2.5000000000000000e+00   2.4617278194535635e-32 #xyz tv1
           3.5799999999999997e+01  -4.9000000000000004e+00   1.6000000000000001e+00 #xyz tv2
           3.6199999999999996e+01  -4.9000000000000004e+00   1.6000000000000001e+00 -1 122 #xyz tv3 fid bid
           3.5799999999999997e+01  -4.9000000000000004e+00   1.6000000000000001e+00 #xyz tv0
           3.7500000000000000e+01  -1.3750000000000000e+01   1.6000000000000001e+00 #xyz tv1
           3.6199999999999996e+01  -4.9000000000000004e+00   1.6000000000000001e+00 7 -1 #xyz tv2 fid bid
           3.5799999999999997e+01  -4.9000000000000004e+00   1.6000000000000001e+00 #xyz tv0
           3.6199999999999996e+01  -4.9000000000000004e+00   1.6000000000000001e+00 #xyz tv1
           3.5799999999999997e+01  -1.5000000000000000e+00   1.6000000000000001e+00 7 -1 #xyz tv2 fid bid
           3.5799999999999997e+01  -4.9000000000000004e+00   1.6000000000000001e+00 #xyz tv0
           3.6199999999999996e+01  -4.9000000000000004e+00   1.6000000000000001e+00 #xyz tv1
           3.5799999999999997e+01  -1.5000000000000000e+00   1.6000000000000001e+00 89 -1 #xyz tv2 fid bid
           3.6199999999999996e+01  -4.9000000000000004e+00   1.6000000000000001e+00 #xyz ev0
           3.5799999999999997e+01  -4.9000000000000004e+00   1.6000000000000001e+00 -1 122 #xyz ev1 fid bid
   0   0.000000000000e+00   0.000000000000e+00   0.000000000000e+00 #flag location
END_ERR 
G3dErrFileVersion 2018P3.1
FlagFileMetaData Begin
   Mesh Size - Setup1, Refinement, Pass #4, Freq. 1.000000e+09 :Title    
   Listing of mesh elements with small segments. :ToolTip  
   hf3d :Author   
   1703139396 :TimeStamp
FlagFileMetaData End
BEGIN_ERR 
26 Small mesh segment detected on body : Radiation_box
 Small mesh segment detected on body : Radiation_box 
 Segment Statistics - Number of Segments : 1 --- Segment length(s) : 0.400000mm. The cutoff frequency for S-Matrix Only Solve is 2.398339664MHz 
3 -1  7  89  # nfids, fids[]
2 122  -1  # nbids, bids[]
      5 3 1 0 #ntets ntri ned npts
          -2.6203778587621343e+01  -1.5836153473923050e+01   1.6000000000000001e+00 #xyz tv0
          -3.5799999999999997e+01  -4.9000000000000004e+00   1.6000000000000001e+00 #xyz tv1
          -3.5654337821880041e+01  -2.3663038249530119e+00   6.5813384911729695e+00 #xyz tv2
          -3.6199999999999996e+01  -4.9000000000000004e+00   1.6000000000000001e+00 -1 122 #xyz tv3 fid bid
          -3.5799999999999997e+01  -4.9000000000000004e+00   1.6000000000000001e+00 #xyz tv0
          -3.6199999999999996e+01  -1.5000000000000000e+00   1.6000000000000001e+00 #xyz tv1
          -3.5654337821880041e+01  -2.3663038249530119e+00   6.5813384911729695e+00 #xyz tv2
          -3.6199999999999996e+01  -4.9000000000000004e+00   1.6000000000000001e+00 -1 122 #xyz tv3 fid bid
          -3.6199999999999996e+01  -4.9000000000000004e+00   1.6000000000000001e+00 #xyz tv0
          -3.5799999999999997e+01  -4.9000000000000004e+00   1.6000000000000001e+00 #xyz tv1
          -2.8957899305555561e+01  -1.2591666666666669e+01   2.0514398495446400e-33 #xyz tv2
          -2.6203778587621343e+01  -1.5836153473923050e+01   1.6000000000000001e+00 -1 122 #xyz tv3 fid bid
          -3.6199999999999996e+01  -4.9000000000000004e+00   1.6000000000000001e+00 #xyz tv0
          -2.8957899305555561e+01  -1.2591666666666669e+01   2.0514398495446400e-33 #xyz tv1
          -3.5799999999999997e+01  -4.9000000000000004e+00   1.6000000000000001e+00 #xyz tv2
          -3.7500000000000000e+01  -2.5000000000000000e+00   2.4617278194535684e-32 -1 122 #xyz tv3 fid bid
          -3.7500000000000000e+01  -2.5000000000000000e+00   2.4617278194535684e-32 #xyz tv0
          -3.6199999999999996e+01  -1.5000000000000000e+00   1.6000000000000001e+00 #xyz tv1
          -3.5799999999999997e+01  -4.9000000000000004e+00   1.6000000000000001e+00 #xyz tv2
          -3.6199999999999996e+01  -4.9000000000000004e+00   1.6000000000000001e+00 -1 122 #xyz tv3 fid bid
          -3.6199999999999996e+01  -4.9000000000000004e+00   1.6000000000000001e+00 #xyz tv0
          -2.6203778587621343e+01  -1.5836153473923050e+01   1.6000000000000001e+00 #xyz tv1
          -3.5799999999999997e+01  -4.9000000000000004e+00   1.6000000000000001e+00 7 -1 #xyz tv2 fid bid
          -3.5799999999999997e+01  -4.9000000000000004e+00   1.6000000000000001e+00 #xyz tv0
          -3.6199999999999996e+01  -1.5000000000000000e+00   1.6000000000000001e+00 #xyz tv1
          -3.6199999999999996e+01  -4.9000000000000004e+00   1.6000000000000001e+00 7 -1 #xyz tv2 fid bid
          -3.5799999999999997e+01  -4.9000000000000004e+00   1.6000000000000001e+00 #xyz tv0
          -3.6199999999999996e+01  -1.5000000000000000e+00   1.6000000000000001e+00 #xyz tv1
          -3.6199999999999996e+01  -4.9000000000000004e+00   1.6000000000000001e+00 89 -1 #xyz tv2 fid bid
          -3.5799999999999997e+01  -4.9000000000000004e+00   1.6000000000000001e+00 #xyz ev0
          -3.6199999999999996e+01  -4.9000000000000004e+00   1.6000000000000001e+00 -1 122 #xyz ev1 fid bid
   0   0.000000000000e+00   0.000000000000e+00   0.000000000000e+00 #flag location
END_ERR 
G3dErrFileVersion 2018P3.1
FlagFileMetaData Begin
   Mesh Size - Setup1, Refinement, Pass #5, Freq. 1.000000e+09 :Title    
   Listing of mesh elements with small segments. :ToolTip  
   hf3d :Author   
   1703139399 :TimeStamp
FlagFileMetaData End
BEGIN_ERR 
26 Small mesh segment detected on body : Radiation_box
 Small mesh segment detected on body : Radiation_box 
 Segment Statistics - Number of Segments : 1 --- Segment length(s) : 0.400000mm. The cutoff frequency for S-Matrix Only Solve is 2.398339664MHz 
3 -1  7  89  # nfids, fids[]
2 122  -1  # nbids, bids[]
      5 3 1 0 #ntets ntri ned npts
           3.5799999999999997e+01  -4.9000000000000004e+00   1.6000000000000001e+00 #xyz tv0
           3.2966876518697575e+01   7.2004545889825822e-01   6.8022985998376644e+00 #xyz tv1
           3.5799999999999997e+01  -1.5000000000000000e+00   1.6000000000000001e+00 #xyz tv2
           3.6199999999999996e+01  -4.9000000000000004e+00   1.6000000000000001e+00 -1 122 #xyz tv3 fid bid
           3.5799999999999997e+01  -4.9000000000000004e+00   1.6000000000000001e+00 #xyz tv0
           3.4769886520076369e+01  -5.6384207660833319e+00   7.2394158283366803e+00 #xyz tv1
           3.2966876518697575e+01   7.2004545889825822e-01   6.8022985998376644e+00 #xyz tv2
           3.6199999999999996e+01  -4.9000000000000004e+00   1.6000000000000001e+00 -1 122 #xyz tv3 fid bid
           3.5799999999999997e+01  -1.5000000000000000e+00   1.6000000000000001e+00 #xyz tv0
           3.6199999999999996e+01  -4.9000000000000004e+00   1.6000000000000001e+00 #xyz tv1
           3.3846547067901241e+01  -7.1112654320987678e+00   1.5955643274236061e-32 #xyz tv2
           3.5799999999999997e+01  -4.9000000000000004e+00   1.6000000000000001e+00 -1 122 #xyz tv3 fid bid
           3.5799999999999997e+01  -4.9000000000000004e+00   1.6000000000000001e+00 #xyz tv0
           3.7500000000000000e+01  -8.1250000000000000e+00   1.6000000000000001e+00 #xyz tv1
           3.4769886520076369e+01  -5.6384207660833319e+00   7.2394158283366803e+00 #xyz tv2
           3.6199999999999996e+01  -4.9000000000000004e+00   1.6000000000000001e+00 -1 122 #xyz tv3 fid bid
           3.6199999999999996e+01  -4.9000000000000004e+00   1.6000000000000001e+00 #xyz tv0
           3.7500000000000000e+01  -8.1250000000000000e+00   1.6000000000000001e+00 #xyz tv1
           3.3846547067901241e+01  -7.1112654320987678e+00   1.5955643274236061e-32 #xyz tv2
           3.5799999999999997e+01  -4.9000000000000004e+00   1.6000000000000001e+00 -1 122 #xyz tv3 fid bid
           3.5799999999999997e+01  -4.9000000000000004e+00   1.6000000000000001e+00 #xyz tv0
           3.7500000000000000e+01  -8.1250000000000000e+00   1.6000000000000001e+00 #xyz tv1
           3.6199999999999996e+01  -4.9000000000000004e+00   1.6000000000000001e+00 7 -1 #xyz tv2 fid bid
           3.5799999999999997e+01  -4.9000000000000004e+00   1.6000000000000001e+00 #xyz tv0
           3.6199999999999996e+01  -4.9000000000000004e+00   1.6000000000000001e+00 #xyz tv1
           3.5799999999999997e+01  -1.5000000000000000e+00   1.6000000000000001e+00 7 -1 #xyz tv2 fid bid
           3.5799999999999997e+01  -4.9000000000000004e+00   1.6000000000000001e+00 #xyz tv0
           3.6199999999999996e+01  -4.9000000000000004e+00   1.6000000000000001e+00 #xyz tv1
           3.5799999999999997e+01  -1.5000000000000000e+00   1.6000000000000001e+00 89 -1 #xyz tv2 fid bid
           3.6199999999999996e+01  -4.9000000000000004e+00   1.6000000000000001e+00 #xyz ev0
           3.5799999999999997e+01  -4.9000000000000004e+00   1.6000000000000001e+00 -1 122 #xyz ev1 fid bid
   0   0.000000000000e+00   0.000000000000e+00   0.000000000000e+00 #flag location
END_ERR 
G3dErrFileVersion 2018P3.1
FlagFileMetaData Begin
   Mesh Size - Setup1, Refinement, Pass #6, Freq. 1.000000e+09 :Title    
   Listing of mesh elements with small segments. :ToolTip  
   hf3d :Author   
   1703139401 :TimeStamp
FlagFileMetaData End
BEGIN_ERR 
26 Small mesh segment detected on body : Radiation_box
 Small mesh segment detected on body : Radiation_box 
 Segment Statistics - Number of Segments : 1 --- Segment length(s) : 0.400000mm. The cutoff frequency for S-Matrix Only Solve is 2.398339664MHz 
3 -1  7  89  # nfids, fids[]
2 122  -1  # nbids, bids[]
      5 3 1 0 #ntets ntri ned npts
           3.5799999999999997e+01  -1.5000000000000000e+00   1.6000000000000001e+00 #xyz tv0
           3.5799999999999997e+01  -4.9000000000000004e+00   1.6000000000000001e+00 #xyz tv1
           3.6352459044239325e+01  -4.3400067582430788e+00   4.6553702247405973e+00 #xyz tv2
           3.6199999999999996e+01  -4.9000000000000004e+00   1.6000000000000001e+00 -1 122 #xyz tv3 fid bid
           3.7500000000000000e+01  -8.1250000000000000e+00   1.6000000000000001e+00 #xyz tv0
           3.6352459044239325e+01  -4.3400067582430788e+00   4.6553702247405973e+00 #xyz tv1
           3.5799999999999997e+01  -4.9000000000000004e+00   1.6000000000000001e+00 #xyz tv2
           3.6199999999999996e+01  -4.9000000000000004e+00   1.6000000000000001e+00 -1 122 #xyz tv3 fid bid
           3.6199999999999996e+01  -4.9000000000000004e+00   1.6000000000000001e+00 #xyz tv0
           3.5799999999999997e+01  -4.9000000000000004e+00   1.6000000000000001e+00 #xyz tv1
           3.7500000000000000e+01  -2.5000000000000000e+00   2.4617278194535635e-32 #xyz tv2
           3.5799999999999997e+01  -1.5000000000000000e+00   1.6000000000000001e+00 -1 122 #xyz tv3 fid bid
           3.6199999999999996e+01  -4.9000000000000004e+00   1.6000000000000001e+00 #xyz tv0
           3.7500000000000000e+01  -8.1250000000000000e+00   1.6000000000000001e+00 #xyz tv1
           3.4054950646567548e+01  -7.3336363161668006e+00   3.2124508814385471e-18 #xyz tv2
           3.5799999999999997e+01  -4.9000000000000004e+00   1.6000000000000001e+00 -1 122 #xyz tv3 fid bid
           3.6199999999999996e+01  -4.9000000000000004e+00   1.6000000000000001e+00 #xyz tv0
           3.7500000000000000e+01  -2.5000000000000000e+00   2.4617278194535635e-32 #xyz tv1
           3.5799999999999997e+01  -4.9000000000000004e+00   1.6000000000000001e+00 #xyz tv2
           3.4054950646567548e+01  -7.3336363161668006e+00   3.2124508814385471e-18 -1 122 #xyz tv3 fid bid
           3.5799999999999997e+01  -4.9000000000000004e+00   1.6000000000000001e+00 #xyz tv0
           3.7500000000000000e+01  -8.1250000000000000e+00   1.6000000000000001e+00 #xyz tv1
           3.6199999999999996e+01  -4.9000000000000004e+00   1.6000000000000001e+00 7 -1 #xyz tv2 fid bid
           3.5799999999999997e+01  -4.9000000000000004e+00   1.6000000000000001e+00 #xyz tv0
           3.6199999999999996e+01  -4.9000000000000004e+00   1.6000000000000001e+00 #xyz tv1
           3.5799999999999997e+01  -1.5000000000000000e+00   1.6000000000000001e+00 7 -1 #xyz tv2 fid bid
           3.5799999999999997e+01  -4.9000000000000004e+00   1.6000000000000001e+00 #xyz tv0
           3.6199999999999996e+01  -4.9000000000000004e+00   1.6000000000000001e+00 #xyz tv1
           3.5799999999999997e+01  -1.5000000000000000e+00   1.6000000000000001e+00 89 -1 #xyz tv2 fid bid
           3.6199999999999996e+01  -4.9000000000000004e+00   1.6000000000000001e+00 #xyz ev0
           3.5799999999999997e+01  -4.9000000000000004e+00   1.6000000000000001e+00 -1 122 #xyz ev1 fid bid
   0   0.000000000000e+00   0.000000000000e+00   0.000000000000e+00 #flag location
END_ERR 
G3dErrFileVersion 2018P3.1
FlagFileMetaData Begin
   Mesh Size - Setup1, Refinement, Pass #1, Freq. 1.000000e+09 :Title    
   Listing of mesh elements with small segments. :ToolTip  
   hf3d :Author   
   1703139495 :TimeStamp
FlagFileMetaData End
BEGIN_ERR 
26 Small mesh segment detected on body : Radiation_box
 Small mesh segment detected on body : Radiation_box 
 Segment Statistics - Number of Segments : 1 --- Segment length(s) : 0.400000mm. The cutoff frequency for S-Matrix Only Solve is 2.398339664MHz 
3 -1  7  89  # nfids, fids[]
2 122  -1  # nbids, bids[]
      6 4 1 0 #ntets ntri ned npts
          -3.5799999999999997e+01   2.0000000000000000e+00   1.6000000000000001e+00 #xyz tv0
           2.5000000000000000e+00   0.0000000000000000e+00   2.5000000000000000e+01 #xyz tv1
          -3.7500000000000000e+01   0.0000000000000000e+00   1.6000000000000001e+00 #xyz tv2
          -3.6199999999999996e+01   2.0000000000000000e+00   1.6000000000000001e+00 -1 122 #xyz tv3 fid bid
          -3.7500000000000000e+01   0.0000000000000000e+00   5.2041704279304213e-16 #xyz tv0
          -3.6199999999999996e+01   2.0000000000000000e+00   1.6000000000000001e+00 #xyz tv1
          -3.5799999999999997e+01   2.0000000000000000e+00   1.6000000000000001e+00 #xyz tv2
          -3.7500000000000000e+01   0.0000000000000000e+00   1.6000000000000001e+00 -1 122 #xyz tv3 fid bid
          -3.5799999999999997e+01   5.4000000000000004e+00   1.6000000000000001e+00 #xyz tv0
          -3.6199999999999996e+01   2.0000000000000000e+00   1.6000000000000001e+00 #xyz tv1
           2.5000000000000000e+00   0.0000000000000000e+00   2.5000000000000000e+01 #xyz tv2
          -3.5799999999999997e+01   2.0000000000000000e+00   1.6000000000000001e+00 -1 122 #xyz tv3 fid bid
          -3.7500000000000000e+01   0.0000000000000000e+00   5.2041704279304213e-16 #xyz tv0
          -3.5799999999999997e+01   2.0000000000000000e+00   1.6000000000000001e+00 #xyz tv1
          -3.6199999999999996e+01   2.0000000000000000e+00   1.6000000000000001e+00 #xyz tv2
          -3.7500000000000000e+01   1.2500000000000000e+00   7.8062556418956319e-16 -1 122 #xyz tv3 fid bid
          -3.7500000000000000e+01   2.5000000000000000e+00   1.0408340855860843e-15 #xyz tv0
          -3.5799999999999997e+01   5.4000000000000004e+00   1.6000000000000001e+00 #xyz tv1
          -3.5799999999999997e+01   2.0000000000000000e+00   1.6000000000000001e+00 #xyz tv2
          -3.6199999999999996e+01   2.0000000000000000e+00   1.6000000000000001e+00 -1 122 #xyz tv3 fid bid
          -3.7500000000000000e+01   1.2500000000000000e+00   7.8062556418956319e-16 #xyz tv0
          -3.5799999999999997e+01   2.0000000000000000e+00   1.6000000000000001e+00 #xyz tv1
          -3.6199999999999996e+01   2.0000000000000000e+00   1.6000000000000001e+00 #xyz tv2
          -3.7500000000000000e+01   2.5000000000000000e+00   1.0408340855860843e-15 -1 122 #xyz tv3 fid bid
          -3.6199999999999996e+01   2.0000000000000000e+00   1.6000000000000001e+00 #xyz tv0
          -3.5799999999999997e+01   2.0000000000000000e+00   1.6000000000000001e+00 #xyz tv1
          -3.5799999999999997e+01   5.4000000000000004e+00   1.6000000000000001e+00 7 -1 #xyz tv2 fid bid
          -3.6199999999999996e+01   2.0000000000000000e+00   1.6000000000000001e+00 #xyz tv0
          -3.5799999999999997e+01   2.0000000000000000e+00   1.6000000000000001e+00 #xyz tv1
          -3.5799999999999997e+01   5.4000000000000004e+00   1.6000000000000001e+00 89 -1 #xyz tv2 fid bid
          -3.7500000000000000e+01   0.0000000000000000e+00   1.6000000000000001e+00 #xyz tv0
          -3.5799999999999997e+01   2.0000000000000000e+00   1.6000000000000001e+00 #xyz tv1
          -3.6199999999999996e+01   2.0000000000000000e+00   1.6000000000000001e+00 7 -1 #xyz tv2 fid bid
          -3.7500000000000000e+01   0.0000000000000000e+00   1.6000000000000001e+00 #xyz tv0
          -3.5799999999999997e+01   2.0000000000000000e+00   1.6000000000000001e+00 #xyz tv1
          -3.6199999999999996e+01   2.0000000000000000e+00   1.6000000000000001e+00 89 -1 #xyz tv2 fid bid
          -3.6199999999999996e+01   2.0000000000000000e+00   1.6000000000000001e+00 #xyz ev0
          -3.5799999999999997e+01   2.0000000000000000e+00   1.6000000000000001e+00 -1 122 #xyz ev1 fid bid
   0   0.000000000000e+00   0.000000000000e+00   0.000000000000e+00 #flag location
END_ERR 
G3dErrFileVersion 2018P3.1
FlagFileMetaData Begin
   Mesh Size - Setup1, Refinement, Pass #2, Freq. 1.000000e+09 :Title    
   Listing of mesh elements with small segments. :ToolTip  
   hf3d :Author   
   1703139498 :TimeStamp
FlagFileMetaData End
BEGIN_ERR 
26 Small mesh segment detected on body : Radiation_box
 Small mesh segment detected on body : Radiation_box 
 Segment Statistics - Number of Segments : 1 --- Segment length(s) : 0.400000mm. The cutoff frequency for S-Matrix Only Solve is 2.398339664MHz 
3 -1  7  89  # nfids, fids[]
2 122  -1  # nbids, bids[]
      6 4 1 0 #ntets ntri ned npts
          -3.7500000000000000e+01   0.0000000000000000e+00   1.6000000000000001e+00 #xyz tv0
          -2.5446645782155461e+01   7.7811136404793411e+00   1.0798741319444444e+01 #xyz tv1
          -3.6199999999999996e+01   2.0000000000000000e+00   1.6000000000000001e+00 #xyz tv2
          -3.5799999999999997e+01   2.0000000000000000e+00   1.6000000000000001e+00 -1 122 #xyz tv3 fid bid
          -2.5446645782155461e+01   7.7811136404793411e+00   1.0798741319444444e+01 #xyz tv0
          -3.6199999999999996e+01   2.0000000000000000e+00   1.6000000000000001e+00 #xyz tv1
          -3.5799999999999997e+01   2.0000000000000000e+00   1.6000000000000001e+00 #xyz tv2
          -3.5799999999999997e+01   5.4000000000000004e+00   1.6000000000000001e+00 -1 122 #xyz tv3 fid bid
          -3.7500000000000000e+01   0.0000000000000000e+00   5.2041704279304213e-16 #xyz tv0
          -3.6199999999999996e+01   2.0000000000000000e+00   1.6000000000000001e+00 #xyz tv1
          -3.5799999999999997e+01   2.0000000000000000e+00   1.6000000000000001e+00 #xyz tv2
          -3.7500000000000000e+01   0.0000000000000000e+00   1.6000000000000001e+00 -1 122 #xyz tv3 fid bid
          -3.7500000000000000e+01   2.5000000000000000e+00   1.0408340855860843e-15 #xyz tv0
          -3.5799999999999997e+01   5.4000000000000004e+00   1.6000000000000001e+00 #xyz tv1
          -3.5799999999999997e+01   2.0000000000000000e+00   1.6000000000000001e+00 #xyz tv2
          -3.6199999999999996e+01   2.0000000000000000e+00   1.6000000000000001e+00 -1 122 #xyz tv3 fid bid
          -3.7500000000000000e+01   0.0000000000000000e+00   5.2041704279304213e-16 #xyz tv0
          -3.5799999999999997e+01   2.0000000000000000e+00   1.6000000000000001e+00 #xyz tv1
          -3.6199999999999996e+01   2.0000000000000000e+00   1.6000000000000001e+00 #xyz tv2
          -3.7500000000000000e+01   1.2500000000000000e+00   7.8062556418956319e-16 -1 122 #xyz tv3 fid bid
          -3.7500000000000000e+01   1.2500000000000000e+00   7.8062556418956319e-16 #xyz tv0
          -3.5799999999999997e+01   2.0000000000000000e+00   1.6000000000000001e+00 #xyz tv1
          -3.6199999999999996e+01   2.0000000000000000e+00   1.6000000000000001e+00 #xyz tv2
          -3.7500000000000000e+01   2.5000000000000000e+00   1.0408340855860843e-15 -1 122 #xyz tv3 fid bid
          -3.6199999999999996e+01   2.0000000000000000e+00   1.6000000000000001e+00 #xyz tv0
          -3.5799999999999997e+01   2.0000000000000000e+00   1.6000000000000001e+00 #xyz tv1
          -3.5799999999999997e+01   5.4000000000000004e+00   1.6000000000000001e+00 7 -1 #xyz tv2 fid bid
          -3.6199999999999996e+01   2.0000000000000000e+00   1.6000000000000001e+00 #xyz tv0
          -3.5799999999999997e+01   2.0000000000000000e+00   1.6000000000000001e+00 #xyz tv1
          -3.5799999999999997e+01   5.4000000000000004e+00   1.6000000000000001e+00 89 -1 #xyz tv2 fid bid
          -3.7500000000000000e+01   0.0000000000000000e+00   1.6000000000000001e+00 #xyz tv0
          -3.5799999999999997e+01   2.0000000000000000e+00   1.6000000000000001e+00 #xyz tv1
          -3.6199999999999996e+01   2.0000000000000000e+00   1.6000000000000001e+00 7 -1 #xyz tv2 fid bid
          -3.7500000000000000e+01   0.0000000000000000e+00   1.6000000000000001e+00 #xyz tv0
          -3.5799999999999997e+01   2.0000000000000000e+00   1.6000000000000001e+00 #xyz tv1
          -3.6199999999999996e+01   2.0000000000000000e+00   1.6000000000000001e+00 89 -1 #xyz tv2 fid bid
          -3.6199999999999996e+01   2.0000000000000000e+00   1.6000000000000001e+00 #xyz ev0
          -3.5799999999999997e+01   2.0000000000000000e+00   1.6000000000000001e+00 -1 122 #xyz ev1 fid bid
   0   0.000000000000e+00   0.000000000000e+00   0.000000000000e+00 #flag location
END_ERR 
G3dErrFileVersion 2018P3.1
FlagFileMetaData Begin
   Mesh Size - Setup1, Refinement, Pass #3, Freq. 1.000000e+09 :Title    
   Listing of mesh elements with small segments. :ToolTip  
   hf3d :Author   
   1703139500 :TimeStamp
FlagFileMetaData End
BEGIN_ERR 
26 Small mesh segment detected on body : Radiation_box
 Small mesh segment detected on body : Radiation_box 
 Segment Statistics - Number of Segments : 1 --- Segment length(s) : 0.300000mm. The cutoff frequency for S-Matrix Only Solve is 2.398339664MHz 
1 -1  # nfids, fids[]
1 122  # nbids, bids[]
      6 0 1 0 #ntets ntri ned npts
           1.2000000000000000e+01   1.4999999999999999e-01  -5.0000000000000000e+00 #xyz tv0
           6.5675925925925940e+00  -6.8796296296296300e-01  -3.8888888888888888e+00 #xyz tv1
           5.0000000000000000e-01  -2.9999999999999999e-01   0.0000000000000000e+00 #xyz tv2
           1.2000000000000000e+01  -1.4999999999999999e-01  -5.0000000000000000e+00 -1 122 #xyz tv3 fid bid
           1.2000000000000000e+01  -1.4999999999999999e-01  -5.0000000000000000e+00 #xyz tv0
           5.0000000000000000e-01  -2.9999999999999999e-01   0.0000000000000000e+00 #xyz tv1
           1.2000000000000000e+01   1.4999999999999999e-01  -5.0000000000000000e+00 #xyz tv2
           2.1500000000000000e+01  -2.9999999999999999e-01   0.0000000000000000e+00 -1 122 #xyz tv3 fid bid
           1.2000000000000000e+01   1.4999999999999999e-01  -5.0000000000000000e+00 #xyz tv0
           2.5000000000000000e+00   0.0000000000000000e+00  -1.0000000000000000e+01 #xyz tv1
           6.5675925925925940e+00  -6.8796296296296300e-01  -3.8888888888888888e+00 #xyz tv2
           1.2000000000000000e+01  -1.4999999999999999e-01  -5.0000000000000000e+00 -1 122 #xyz tv3 fid bid
           3.7500000000000000e+01   0.0000000000000000e+00   5.2041704279304213e-16 #xyz tv0
           2.1500000000000000e+01  -2.9999999999999999e-01   0.0000000000000000e+00 #xyz tv1
           1.2000000000000000e+01  -1.4999999999999999e-01  -5.0000000000000000e+00 #xyz tv2
           1.2000000000000000e+01   1.4999999999999999e-01  -5.0000000000000000e+00 -1 122 #xyz tv3 fid bid
           6.5000000000000000e+01   0.0000000000000000e+00  -1.0000000000000000e+01 #xyz tv0
           1.2000000000000000e+01   1.4999999999999999e-01  -5.0000000000000000e+00 #xyz tv1
           1.2000000000000000e+01  -1.4999999999999999e-01  -5.0000000000000000e+00 #xyz tv2
           2.5000000000000000e+00   0.0000000000000000e+00  -1.0000000000000000e+01 -1 122 #xyz tv3 fid bid
           6.5000000000000000e+01   0.0000000000000000e+00  -1.0000000000000000e+01 #xyz tv0
           1.2000000000000000e+01  -1.4999999999999999e-01  -5.0000000000000000e+00 #xyz tv1
           1.2000000000000000e+01   1.4999999999999999e-01  -5.0000000000000000e+00 #xyz tv2
           3.7500000000000000e+01   0.0000000000000000e+00   5.2041704279304213e-16 -1 122 #xyz tv3 fid bid
           1.2000000000000000e+01   1.4999999999999999e-01  -5.0000000000000000e+00 #xyz ev0
           1.2000000000000000e+01  -1.4999999999999999e-01  -5.0000000000000000e+00 -1 122 #xyz ev1 fid bid
   0   0.000000000000e+00   0.000000000000e+00   0.000000000000e+00 #flag location
END_ERR 
G3dErrFileVersion 2018P3.1
FlagFileMetaData Begin
   Mesh Size - Setup1, Refinement, Pass #4, Freq. 1.000000e+09 :Title    
   Listing of mesh elements with small segments. :ToolTip  
   hf3d :Author   
   1703139503 :TimeStamp
FlagFileMetaData End
BEGIN_ERR 
26 Small mesh segment detected on body : Radiation_box
 Small mesh segment detected on body : Radiation_box 
 Segment Statistics - Number of Segments : 1 --- Segment length(s) : 0.314270mm. The cutoff frequency for S-Matrix Only Solve is 2.398339664MHz 
2 -1  8  # nfids, fids[]
2 122  -1  # nbids, bids[]
      5 2 1 0 #ntets ntri ned npts
           5.0000000000000000e-01  -2.9999999999999999e-01   0.0000000000000000e+00 #xyz tv0
           6.5675925925925949e+00  -6.8796296296296300e-01  -3.8888888888888888e+00 #xyz tv1
           4.7500000000000000e+00  -1.3000000000000003e+00   0.0000000000000000e+00 #xyz tv2
           4.9722222222222232e+00  -1.0777777777777779e+00   0.0000000000000000e+00 -1 122 #xyz tv3 fid bid
           4.7500000000000000e+00  -1.3000000000000003e+00   0.0000000000000000e+00 #xyz tv0
           4.9722222222222232e+00  -1.0777777777777779e+00   0.0000000000000000e+00 #xyz tv1
           6.5675925925925949e+00  -6.8796296296296300e-01  -3.8888888888888888e+00 #xyz tv2
           1.0000000000000000e+01  -1.3000000000000003e+00   0.0000000000000000e+00 -1 122 #xyz tv3 fid bid
          -1.7760156249999998e+01  -2.0000000000000000e+00   1.6000000000000001e+00 #xyz tv0
           5.0000000000000000e-01  -2.9999999999999999e-01   0.0000000000000000e+00 #xyz tv1
           4.7500000000000000e+00  -1.3000000000000003e+00   0.0000000000000000e+00 #xyz tv2
           4.9722222222222232e+00  -1.0777777777777779e+00   0.0000000000000000e+00 -1 122 #xyz tv3 fid bid
           4.7500000000000000e+00  -1.3000000000000003e+00   0.0000000000000000e+00 #xyz tv0
          -7.2281738281249996e+00  -2.0000000000000000e+00   1.6000000000000001e+00 #xyz tv1
           4.9722222222222232e+00  -1.0777777777777779e+00   0.0000000000000000e+00 #xyz tv2
           1.0000000000000000e+01  -1.3000000000000003e+00   0.0000000000000000e+00 -1 122 #xyz tv3 fid bid
          -1.7760156249999998e+01  -2.0000000000000000e+00   1.6000000000000001e+00 #xyz tv0
           4.9722222222222232e+00  -1.0777777777777779e+00   0.0000000000000000e+00 #xyz tv1
           4.7500000000000000e+00  -1.3000000000000003e+00   0.0000000000000000e+00 #xyz tv2
          -7.2281738281249996e+00  -2.0000000000000000e+00   1.6000000000000001e+00 -1 122 #xyz tv3 fid bid
           4.7500000000000000e+00  -1.3000000000000003e+00   0.0000000000000000e+00 #xyz tv0
           4.9722222222222232e+00  -1.0777777777777779e+00   0.0000000000000000e+00 #xyz tv1
           1.0000000000000000e+01  -1.3000000000000003e+00   0.0000000000000000e+00 8 -1 #xyz tv2 fid bid
           4.7500000000000000e+00  -1.3000000000000003e+00   0.0000000000000000e+00 #xyz tv0
           5.0000000000000000e-01  -2.9999999999999999e-01   0.0000000000000000e+00 #xyz tv1
           4.9722222222222232e+00  -1.0777777777777779e+00   0.0000000000000000e+00 8 -1 #xyz tv2 fid bid
           4.7500000000000000e+00  -1.3000000000000003e+00   0.0000000000000000e+00 #xyz ev0
           4.9722222222222232e+00  -1.0777777777777779e+00   0.0000000000000000e+00 -1 122 #xyz ev1 fid bid
   0   0.000000000000e+00   0.000000000000e+00   0.000000000000e+00 #flag location
END_ERR 
G3dErrFileVersion 2018P3.1
FlagFileMetaData Begin
   Mesh Size - Setup1, Refinement, Pass #5, Freq. 1.000000e+09 :Title    
   Listing of mesh elements with small segments. :ToolTip  
   hf3d :Author   
   1703139505 :TimeStamp
FlagFileMetaData End
BEGIN_ERR 
26 Small mesh segment detected on body : Radiation_box
 Small mesh segment detected on body : Radiation_box 
 Segment Statistics - Number of Segments : 1 --- Segment length(s) : 0.400000mm. The cutoff frequency for S-Matrix Only Solve is 2.398339664MHz 
3 -1  7  89  # nfids, fids[]
2 122  -1  # nbids, bids[]
      7 4 1 0 #ntets ntri ned npts
          -3.6199999999999996e+01   2.0000000000000000e+00   1.6000000000000001e+00 #xyz tv0
          -3.5799999999999997e+01   2.0000000000000000e+00   1.6000000000000001e+00 #xyz tv1
          -3.7497186752714796e+01  -3.9520132412184723e+00   5.8096874805117302e+00 #xyz tv2
          -2.7450395668973623e+01   5.0950727636251258e+00   9.2850368923611146e+00 -1 122 #xyz tv3 fid bid
          -3.6199999999999996e+01   2.0000000000000000e+00   1.6000000000000001e+00 #xyz tv0
          -3.7500000000000000e+01   6.7829751968383789e-01   1.6000000000000001e+00 #xyz tv1
          -3.7497186752714796e+01  -3.9520132412184723e+00   5.8096874805117302e+00 #xyz tv2
          -3.5799999999999997e+01   2.0000000000000000e+00   1.6000000000000001e+00 -1 122 #xyz tv3 fid bid
          -2.7450395668973623e+01   5.0950727636251258e+00   9.2850368923611146e+00 #xyz tv0
          -3.6199999999999996e+01   2.0000000000000000e+00   1.6000000000000001e+00 #xyz tv1
          -3.5799999999999997e+01   2.0000000000000000e+00   1.6000000000000001e+00 #xyz tv2
          -3.5799999999999997e+01   5.4000000000000004e+00   1.6000000000000001e+00 -1 122 #xyz tv3 fid bid
          -3.5799999999999997e+01   2.0000000000000000e+00   1.6000000000000001e+00 #xyz tv0
