G3dErrFileVersion 2018P3.1
FlagFileMetaData Begin
   Mesh Size - Setup1, Refinement, Pass #1, Freq. 1.000000e+09 :Title    
   Listing of mesh elements with small segments. :ToolTip  
   hf3d :Author   
   1701876438 :TimeStamp
FlagFileMetaData End
BEGIN_ERR 
26 Small mesh segment detected on body : Radiation_box
 Small mesh segment detected on body : Radiation_box 
 Segment Statistics - Number of Segments : 1 --- Segment length(s) : 0.400000mm. The cutoff frequency for S-Matrix Only Solve is 3.25861367391304MHz 
3 -1  10  98  # nfids, fids[]
2 112  -1  # nbids, bids[]
      4 4 1 0 #ntets ntri ned npts
           2.5729962394826237e-16   2.8000000000000004e+01   1.6000000000000001e+00 #xyz tv0
           6.7391681156905898e-17   2.7250000000000000e+01   8.0000000000000004e-01 #xyz tv1
          -2.2415379915836362e+00   2.7732698482937280e+01   1.3283055446458905e+00 #xyz tv2
           1.3938352506857126e-16   2.7250000000000000e+01   1.2000000000000002e+00 -1 112 #xyz tv3 fid bid
           6.7391681156905898e-17   2.7250000000000000e+01   8.0000000000000004e-01 #xyz tv0
           2.1467426188880100e-17   2.6500000000000000e+01   8.0000000000000004e-01 #xyz tv1
          -2.2415379915836362e+00   2.7732698482937280e+01   1.3283055446458905e+00 #xyz tv2
           1.3938352506857126e-16   2.7250000000000000e+01   1.2000000000000002e+00 -1 112 #xyz tv3 fid bid
           3.7500000000000000e+00   4.0000000000000000e+01   0.0000000000000000e+00 #xyz tv0
           6.7391681156905898e-17   2.7250000000000000e+01   8.0000000000000004e-01 #xyz tv1
           2.5729962394826237e-16   2.8000000000000004e+01   1.6000000000000001e+00 #xyz tv2
           1.3938352506857126e-16   2.7250000000000000e+01   1.2000000000000002e+00 -1 112 #xyz tv3 fid bid
           6.7391681156905898e-17   2.7250000000000000e+01   8.0000000000000004e-01 #xyz tv0
           3.7500000000000000e+00   4.0000000000000000e+01   0.0000000000000000e+00 #xyz tv1
           2.1467426188880100e-17   2.6500000000000000e+01   8.0000000000000004e-01 #xyz tv2
           1.3938352506857126e-16   2.7250000000000000e+01   1.2000000000000002e+00 -1 112 #xyz tv3 fid bid
           6.7391681156905898e-17   2.7250000000000000e+01   8.0000000000000004e-01 #xyz tv0
           2.1467426188880100e-17   2.6500000000000000e+01   8.0000000000000004e-01 #xyz tv1
           1.3938352506857126e-16   2.7250000000000000e+01   1.2000000000000002e+00 10 -1 #xyz tv2 fid bid
           6.7391681156905898e-17   2.7250000000000000e+01   8.0000000000000004e-01 #xyz tv0
           2.1467426188880100e-17   2.6500000000000000e+01   8.0000000000000004e-01 #xyz tv1
           1.3938352506857126e-16   2.7250000000000000e+01   1.2000000000000002e+00 98 -1 #xyz tv2 fid bid
           2.5729962394826237e-16   2.8000000000000004e+01   1.6000000000000001e+00 #xyz tv0
           6.7391681156905898e-17   2.7250000000000000e+01   8.0000000000000004e-01 #xyz tv1
           1.3938352506857126e-16   2.7250000000000000e+01   1.2000000000000002e+00 10 -1 #xyz tv2 fid bid
           2.5729962394826237e-16   2.8000000000000004e+01   1.6000000000000001e+00 #xyz tv0
           6.7391681156905898e-17   2.7250000000000000e+01   8.0000000000000004e-01 #xyz tv1
           1.3938352506857126e-16   2.7250000000000000e+01   1.2000000000000002e+00 98 -1 #xyz tv2 fid bid
           1.3938352506857126e-16   2.7250000000000000e+01   1.2000000000000002e+00 #xyz ev0
           6.7391681156905898e-17   2.7250000000000000e+01   8.0000000000000004e-01 -1 112 #xyz ev1 fid bid
   0   0.000000000000e+00   0.000000000000e+00   0.000000000000e+00 #flag location
END_ERR 
G3dErrFileVersion 2018P3.1
FlagFileMetaData Begin
   Mesh Size - Setup1, Refinement, Pass #2, Freq. 1.000000e+09 :Title    
   Listing of mesh elements with small segments. :ToolTip  
   hf3d :Author   
   1701876440 :TimeStamp
FlagFileMetaData End
BEGIN_ERR 
26 Small mesh segment detected on body : Radiation_box
 Small mesh segment detected on body : Radiation_box 
 Segment Statistics - Number of Segments : 1 --- Segment length(s) : 0.452533mm. The cutoff frequency for S-Matrix Only Solve is 3.25861367391304MHz 
3 -1  10  98  # nfids, fids[]
2 112  -1  # nbids, bids[]
      4 4 1 0 #ntets ntri ned npts
           2.5729962394826237e-16   2.8000000000000004e+01   1.6000000000000001e+00 #xyz tv0
           6.2102304833498720e-17   2.7239968817911244e+01   7.5614605772324683e-01 #xyz tv1
          -2.3381622756736866e+00   2.7122078433669344e+01   2.3514149016316770e+00 #xyz tv2
           1.0829614901282688e-16   2.7145156452013765e+01   1.1986348149418280e+00 -1 112 #xyz tv3 fid bid
           6.2102304833498720e-17   2.7239968817911244e+01   7.5614605772324683e-01 #xyz tv0
           7.9990731871261916e-18   2.6495972824542434e+01   8.0754782045419904e-01 #xyz tv1
          -2.3381622756736866e+00   2.7122078433669344e+01   2.3514149016316770e+00 #xyz tv2
           1.0829614901282688e-16   2.7145156452013765e+01   1.1986348149418280e+00 -1 112 #xyz tv3 fid bid
           2.5729962394826237e-16   2.8000000000000004e+01   1.6000000000000001e+00 #xyz tv0
           3.7500000000000000e+00   2.5000000000000000e+01   0.0000000000000000e+00 #xyz tv1
           6.2102304833498720e-17   2.7239968817911244e+01   7.5614605772324683e-01 #xyz tv2
           1.0829614901282688e-16   2.7145156452013765e+01   1.1986348149418280e+00 -1 112 #xyz tv3 fid bid
           6.2102304833498720e-17   2.7239968817911244e+01   7.5614605772324683e-01 #xyz tv0
           1.0829614901282688e-16   2.7145156452013765e+01   1.1986348149418280e+00 #xyz tv1
           3.7500000000000000e+00   2.5000000000000000e+01   0.0000000000000000e+00 #xyz tv2
           7.9990731871261916e-18   2.6495972824542434e+01   8.0754782045419904e-01 -1 112 #xyz tv3 fid bid
           6.2102304833498720e-17   2.7239968817911244e+01   7.5614605772324683e-01 #xyz tv0
           7.9990731871261916e-18   2.6495972824542434e+01   8.0754782045419904e-01 #xyz tv1
           1.0829614901282688e-16   2.7145156452013765e+01   1.1986348149418280e+00 10 -1 #xyz tv2 fid bid
           6.2102304833498720e-17   2.7239968817911244e+01   7.5614605772324683e-01 #xyz tv0
           7.9990731871261916e-18   2.6495972824542434e+01   8.0754782045419904e-01 #xyz tv1
           1.0829614901282688e-16   2.7145156452013765e+01   1.1986348149418280e+00 98 -1 #xyz tv2 fid bid
           2.5729962394826237e-16   2.8000000000000004e+01   1.6000000000000001e+00 #xyz tv0
           6.2102304833498720e-17   2.7239968817911244e+01   7.5614605772324683e-01 #xyz tv1
           1.0829614901282688e-16   2.7145156452013765e+01   1.1986348149418280e+00 10 -1 #xyz tv2 fid bid
           2.5729962394826237e-16   2.8000000000000004e+01   1.6000000000000001e+00 #xyz tv0
           6.2102304833498720e-17   2.7239968817911244e+01   7.5614605772324683e-01 #xyz tv1
           1.0829614901282688e-16   2.7145156452013765e+01   1.1986348149418280e+00 98 -1 #xyz tv2 fid bid
           1.0829614901282688e-16   2.7145156452013765e+01   1.1986348149418280e+00 #xyz ev0
           6.2102304833498720e-17   2.7239968817911244e+01   7.5614605772324683e-01 -1 112 #xyz ev1 fid bid
   0   0.000000000000e+00   0.000000000000e+00   0.000000000000e+00 #flag location
END_ERR 
G3dErrFileVersion 2018P3.1
FlagFileMetaData Begin
   Mesh Size - Setup1, Refinement, Pass #3, Freq. 1.000000e+09 :Title    
   Listing of mesh elements with small segments. :ToolTip  
   hf3d :Author   
   1701876443 :TimeStamp
FlagFileMetaData End
BEGIN_ERR 
26 Small mesh segment detected on body : Radiation_box
 Small mesh segment detected on body : Radiation_box 
 Segment Statistics - Number of Segments : 1 --- Segment length(s) : 0.462876mm. The cutoff frequency for S-Matrix Only Solve is 3.25861367391304MHz 
3 -1  10  98  # nfids, fids[]
2 112  -1  # nbids, bids[]
      4 4 1 0 #ntets ntri ned npts
           2.5729962394826237e-16   2.8000000000000004e+01   1.6000000000000001e+00 #xyz tv0
           6.2102304833498720e-17   2.7239968817911244e+01   7.5614605772324683e-01 #xyz tv1
          -2.3381622756736866e+00   2.7122078433669344e+01   2.3514149016316770e+00 #xyz tv2
           9.2394319957126711e-17   2.7093340886362981e+01   1.1951845531079455e+00 -1 112 #xyz tv3 fid bid
           6.2102304833498720e-17   2.7239968817911244e+01   7.5614605772324683e-01 #xyz tv0
          -2.7131022007027423e-18   2.6459020618690175e+01   8.1512330012720913e-01 #xyz tv1
          -2.3381622756736866e+00   2.7122078433669344e+01   2.3514149016316770e+00 #xyz tv2
           9.2394319957126711e-17   2.7093340886362981e+01   1.1951845531079455e+00 -1 112 #xyz tv3 fid bid
           2.5729962394826237e-16   2.8000000000000004e+01   1.6000000000000001e+00 #xyz tv0
           3.7500000000000000e+00   2.3125000000000000e+01   0.0000000000000000e+00 #xyz tv1
           6.2102304833498720e-17   2.7239968817911244e+01   7.5614605772324683e-01 #xyz tv2
           9.2394319957126711e-17   2.7093340886362981e+01   1.1951845531079455e+00 -1 112 #xyz tv3 fid bid
           6.2102304833498720e-17   2.7239968817911244e+01   7.5614605772324683e-01 #xyz tv0
           9.2394319957126711e-17   2.7093340886362981e+01   1.1951845531079455e+00 #xyz tv1
           3.7500000000000000e+00   2.3125000000000000e+01   0.0000000000000000e+00 #xyz tv2
          -2.7131022007027423e-18   2.6459020618690175e+01   8.1512330012720913e-01 -1 112 #xyz tv3 fid bid
           6.2102304833498720e-17   2.7239968817911244e+01   7.5614605772324683e-01 #xyz tv0
          -2.7131022007027423e-18   2.6459020618690175e+01   8.1512330012720913e-01 #xyz tv1
           9.2394319957126711e-17   2.7093340886362981e+01   1.1951845531079455e+00 10 -1 #xyz tv2 fid bid
           6.2102304833498720e-17   2.7239968817911244e+01   7.5614605772324683e-01 #xyz tv0
          -2.7131022007027423e-18   2.6459020618690175e+01   8.1512330012720913e-01 #xyz tv1
           9.2394319957126711e-17   2.7093340886362981e+01   1.1951845531079455e+00 98 -1 #xyz tv2 fid bid
           2.5729962394826237e-16   2.8000000000000004e+01   1.6000000000000001e+00 #xyz tv0
           6.2102304833498720e-17   2.7239968817911244e+01   7.5614605772324683e-01 #xyz tv1
           9.2394319957126711e-17   2.7093340886362981e+01   1.1951845531079455e+00 10 -1 #xyz tv2 fid bid
           2.5729962394826237e-16   2.8000000000000004e+01   1.6000000000000001e+00 #xyz tv0
           6.2102304833498720e-17   2.7239968817911244e+01   7.5614605772324683e-01 #xyz tv1
           9.2394319957126711e-17   2.7093340886362981e+01   1.1951845531079455e+00 98 -1 #xyz tv2 fid bid
           9.2394319957126711e-17   2.7093340886362981e+01   1.1951845531079455e+00 #xyz ev0
           6.2102304833498720e-17   2.7239968817911244e+01   7.5614605772324683e-01 -1 112 #xyz ev1 fid bid
   0   0.000000000000e+00   0.000000000000e+00   0.000000000000e+00 #flag location
END_ERR 
G3dErrFileVersion 2018P3.1
FlagFileMetaData Begin
   Mesh Size - Setup1, Refinement, Pass #4, Freq. 1.000000e+09 :Title    
   Listing of mesh elements with small segments. :ToolTip  
   hf3d :Author   
   1701876445 :TimeStamp
FlagFileMetaData End
BEGIN_ERR 
26 Small mesh segment detected on body : Radiation_box
 Small mesh segment detected on body : Radiation_box 
 Segment Statistics - Number of Segments : 1 --- Segment length(s) : 0.471747mm. The cutoff frequency for S-Matrix Only Solve is 3.25861367391304MHz 
3 -1  10  98  # nfids, fids[]
2 112  -1  # nbids, bids[]
      5 4 1 0 #ntets ntri ned npts
           2.5729962394826237e-16   2.8000000000000004e+01   1.6000000000000001e+00 #xyz tv0
           6.2102304833498720e-17   2.7239968817911244e+01   7.5614605772324683e-01 #xyz tv1
          -2.1256028769672781e+00   2.4799656179315257e+01   2.5050952550045507e+00 #xyz tv2
           8.4265713540081088e-17   2.7065561763756378e+01   1.1944693807491265e+00 -1 112 #xyz tv3 fid bid
           6.2102304833498720e-17   2.7239968817911244e+01   7.5614605772324683e-01 #xyz tv0
          -9.5344661225686492e-18   2.6427868239920159e+01   8.2034077213987699e-01 #xyz tv1
          -2.1256028769672781e+00   2.4799656179315257e+01   2.5050952550045507e+00 #xyz tv2
           8.4265713540081088e-17   2.7065561763756378e+01   1.1944693807491265e+00 -1 112 #xyz tv3 fid bid
           4.2303880055745449e+00   3.0652777777777779e+01   1.6000000000000001e+00 #xyz tv0
           8.4265713540081088e-17   2.7065561763756378e+01   1.1944693807491265e+00 #xyz tv1
           6.2102304833498720e-17   2.7239968817911244e+01   7.5614605772324683e-01 #xyz tv2
           2.5729962394826237e-16   2.8000000000000004e+01   1.6000000000000001e+00 -1 112 #xyz tv3 fid bid
           8.4265713540081088e-17   2.7065561763756378e+01   1.1944693807491265e+00 #xyz tv0
          -9.5344661225686492e-18   2.6427868239920159e+01   8.2034077213987699e-01 #xyz tv1
           3.7500000000000000e+00   2.6535339355468750e+01   0.0000000000000000e+00 #xyz tv2
           6.2102304833498720e-17   2.7239968817911244e+01   7.5614605772324683e-01 -1 112 #xyz tv3 fid bid
           4.2303880055745449e+00   3.0652777777777779e+01   1.6000000000000001e+00 #xyz tv0
           6.2102304833498720e-17   2.7239968817911244e+01   7.5614605772324683e-01 #xyz tv1
           8.4265713540081088e-17   2.7065561763756378e+01   1.1944693807491265e+00 #xyz tv2
           3.7500000000000000e+00   2.6535339355468750e+01   0.0000000000000000e+00 -1 112 #xyz tv3 fid bid
           6.2102304833498720e-17   2.7239968817911244e+01   7.5614605772324683e-01 #xyz tv0
          -9.5344661225686492e-18   2.6427868239920159e+01   8.2034077213987699e-01 #xyz tv1
           8.4265713540081088e-17   2.7065561763756378e+01   1.1944693807491265e+00 10 -1 #xyz tv2 fid bid
           6.2102304833498720e-17   2.7239968817911244e+01   7.5614605772324683e-01 #xyz tv0
          -9.5344661225686492e-18   2.6427868239920159e+01   8.2034077213987699e-01 #xyz tv1
           8.4265713540081088e-17   2.7065561763756378e+01   1.1944693807491265e+00 98 -1 #xyz tv2 fid bid
           2.5729962394826237e-16   2.8000000000000004e+01   1.6000000000000001e+00 #xyz tv0
           6.2102304833498720e-17   2.7239968817911244e+01   7.5614605772324683e-01 #xyz tv1
           8.4265713540081088e-17   2.7065561763756378e+01   1.1944693807491265e+00 10 -1 #xyz tv2 fid bid
           2.5729962394826237e-16   2.8000000000000004e+01   1.6000000000000001e+00 #xyz tv0
           6.2102304833498720e-17   2.7239968817911244e+01   7.5614605772324683e-01 #xyz tv1
           8.4265713540081088e-17   2.7065561763756378e+01   1.1944693807491265e+00 98 -1 #xyz tv2 fid bid
           8.4265713540081088e-17   2.7065561763756378e+01   1.1944693807491265e+00 #xyz ev0
           6.2102304833498720e-17   2.7239968817911244e+01   7.5614605772324683e-01 -1 112 #xyz ev1 fid bid
   0   0.000000000000e+00   0.000000000000e+00   0.000000000000e+00 #flag location
END_ERR 
G3dErrFileVersion 2018P3.1
FlagFileMetaData Begin
   Mesh Size - Setup1, Refinement, Pass #5, Freq. 1.000000e+09 :Title    
   Listing of mesh elements with small segments. :ToolTip  
   hf3d :Author   
   1701876448 :TimeStamp
FlagFileMetaData End
BEGIN_ERR 
26 Small mesh segment detected on body : Radiation_box
 Small mesh segment detected on body : Radiation_box 
 Segment Statistics - Number of Segments : 1 --- Segment length(s) : 0.478270mm. The cutoff frequency for S-Matrix Only Solve is 3.25861367391304MHz 
3 -1  10  98  # nfids, fids[]
2 112  -1  # nbids, bids[]
      4 4 1 0 #ntets ntri ned npts
           2.5729962394826237e-16   2.8000000000000004e+01   1.6000000000000001e+00 #xyz tv0
           6.2102304833498720e-17   2.7239968817911244e+01   7.5614605772324683e-01 #xyz tv1
          -2.1256028769672781e+00   2.4799656179315257e+01   2.5050952550045507e+00 #xyz tv2
           7.9967699858540837e-17   2.7049473065209682e+01   1.1948408276042706e+00 -1 112 #xyz tv3 fid bid
           6.2102304833498720e-17   2.7239968817911244e+01   7.5614605772324683e-01 #xyz tv0
          -1.4120714888794416e-17   2.6401262117777314e+01   8.2541431919897912e-01 #xyz tv1
          -2.1256028769672781e+00   2.4799656179315257e+01   2.5050952550045507e+00 #xyz tv2
           7.9967699858540837e-17   2.7049473065209682e+01   1.1948408276042706e+00 -1 112 #xyz tv3 fid bid
           6.2102304833498720e-17   2.7239968817911244e+01   7.5614605772324683e-01 #xyz tv0
           2.5729962394826237e-16   2.8000000000000004e+01   1.6000000000000001e+00 #xyz tv1
           3.7500000000000000e+00   2.6535339355468750e+01   0.0000000000000000e+00 #xyz tv2
           7.9967699858540837e-17   2.7049473065209682e+01   1.1948408276042706e+00 -1 112 #xyz tv3 fid bid
           7.9967699858540837e-17   2.7049473065209682e+01   1.1948408276042706e+00 #xyz tv0
          -1.4120714888794416e-17   2.6401262117777314e+01   8.2541431919897912e-01 #xyz tv1
           3.7500000000000000e+00   2.6535339355468750e+01   0.0000000000000000e+00 #xyz tv2
           6.2102304833498720e-17   2.7239968817911244e+01   7.5614605772324683e-01 -1 112 #xyz tv3 fid bid
           6.2102304833498720e-17   2.7239968817911244e+01   7.5614605772324683e-01 #xyz tv0
          -1.4120714888794416e-17   2.6401262117777314e+01   8.2541431919897912e-01 #xyz tv1
           7.9967699858540837e-17   2.7049473065209682e+01   1.1948408276042706e+00 10 -1 #xyz tv2 fid bid
           6.2102304833498720e-17   2.7239968817911244e+01   7.5614605772324683e-01 #xyz tv0
          -1.4120714888794416e-17   2.6401262117777314e+01   8.2541431919897912e-01 #xyz tv1
           7.9967699858540837e-17   2.7049473065209682e+01   1.1948408276042706e+00 98 -1 #xyz tv2 fid bid
           2.5729962394826237e-16   2.8000000000000004e+01   1.6000000000000001e+00 #xyz tv0
           6.2102304833498720e-17   2.7239968817911244e+01   7.5614605772324683e-01 #xyz tv1
           7.9967699858540837e-17   2.7049473065209682e+01   1.1948408276042706e+00 10 -1 #xyz tv2 fid bid
           2.5729962394826237e-16   2.8000000000000004e+01   1.6000000000000001e+00 #xyz tv0
           6.2102304833498720e-17   2.7239968817911244e+01   7.5614605772324683e-01 #xyz tv1
           7.9967699858540837e-17   2.7049473065209682e+01   1.1948408276042706e+00 98 -1 #xyz tv2 fid bid
           7.9967699858540837e-17   2.7049473065209682e+01   1.1948408276042706e+00 #xyz ev0
           6.2102304833498720e-17   2.7239968817911244e+01   7.5614605772324683e-01 -1 112 #xyz ev1 fid bid
   0   0.000000000000e+00   0.000000000000e+00   0.000000000000e+00 #flag location
END_ERR 
G3dErrFileVersion 2018P3.1
FlagFileMetaData Begin
   Mesh Size - Setup1, Refinement, Pass #6, Freq. 1.000000e+09 :Title    
   Listing of mesh elements with small segments. :ToolTip  
   hf3d :Author   
   1701876450 :TimeStamp
FlagFileMetaData End
BEGIN_ERR 
26 Small mesh segment detected on body : Radiation_box
 Small mesh segment detected on body : Radiation_box 
 Segment Statistics - Number of Segments : 1 --- Segment length(s) : 0.483196mm. The cutoff frequency for S-Matrix Only Solve is 3.25861367391304MHz 
3 -1  10  98  # nfids, fids[]
2 112  -1  # nbids, bids[]
      4 4 1 0 #ntets ntri ned npts
           2.5729962394826237e-16   2.8000000000000004e+01   1.6000000000000001e+00 #xyz tv0
           6.2102304833498720e-17   2.7239968817911244e+01   7.5614605772324683e-01 #xyz tv1
          -2.1256028769672781e+00   2.4799656179315257e+01   2.5050952550045507e+00 #xyz tv2
           7.7587161026360572e-17   2.7039029109663382e+01   1.1955788116800170e+00 -1 112 #xyz tv3 fid bid
           6.2102304833498720e-17   2.7239968817911244e+01   7.5614605772324683e-01 #xyz tv0
          -1.7294169770527975e-17   2.6377323854070632e+01   8.2920872457681694e-01 #xyz tv1
          -2.1256028769672781e+00   2.4799656179315257e+01   2.5050952550045507e+00 #xyz tv2
           7.7587161026360572e-17   2.7039029109663382e+01   1.1955788116800170e+00 -1 112 #xyz tv3 fid bid
           6.2102304833498720e-17   2.7239968817911244e+01   7.5614605772324683e-01 #xyz tv0
           2.5729962394826237e-16   2.8000000000000004e+01   1.6000000000000001e+00 #xyz tv1
           3.7500000000000000e+00   2.6535339355468750e+01   0.0000000000000000e+00 #xyz tv2
           7.7587161026360572e-17   2.7039029109663382e+01   1.1955788116800170e+00 -1 112 #xyz tv3 fid bid
           7.7587161026360572e-17   2.7039029109663382e+01   1.1955788116800170e+00 #xyz tv0
          -1.7294169770527975e-17   2.6377323854070632e+01   8.2920872457681694e-01 #xyz tv1
           3.7500000000000000e+00   2.6535339355468750e+01   0.0000000000000000e+00 #xyz tv2
           6.2102304833498720e-17   2.7239968817911244e+01   7.5614605772324683e-01 -1 112 #xyz tv3 fid bid
           6.2102304833498720e-17   2.7239968817911244e+01   7.5614605772324683e-01 #xyz tv0
          -1.7294169770527975e-17   2.6377323854070632e+01   8.2920872457681694e-01 #xyz tv1
           7.7587161026360572e-17   2.7039029109663382e+01   1.1955788116800170e+00 10 -1 #xyz tv2 fid bid
           6.2102304833498720e-17   2.7239968817911244e+01   7.5614605772324683e-01 #xyz tv0
          -1.7294169770527975e-17   2.6377323854070632e+01   8.2920872457681694e-01 #xyz tv1
           7.7587161026360572e-17   2.7039029109663382e+01   1.1955788116800170e+00 98 -1 #xyz tv2 fid bid
           2.5729962394826237e-16   2.8000000000000004e+01   1.6000000000000001e+00 #xyz tv0
           6.2102304833498720e-17   2.7239968817911244e+01   7.5614605772324683e-01 #xyz tv1
           7.7587161026360572e-17   2.7039029109663382e+01   1.1955788116800170e+00 10 -1 #xyz tv2 fid bid
           2.5729962394826237e-16   2.8000000000000004e+01   1.6000000000000001e+00 #xyz tv0
           6.2102304833498720e-17   2.7239968817911244e+01   7.5614605772324683e-01 #xyz tv1
           7.7587161026360572e-17   2.7039029109663382e+01   1.1955788116800170e+00 98 -1 #xyz tv2 fid bid
           7.7587161026360572e-17   2.7039029109663382e+01   1.1955788116800170e+00 #xyz ev0
           6.2102304833498720e-17   2.7239968817911244e+01   7.5614605772324683e-01 -1 112 #xyz ev1 fid bid
   0   0.000000000000e+00   0.000000000000e+00   0.000000000000e+00 #flag location
END_ERR 
G3dErrFileVersion 2018P3.1
FlagFileMetaData Begin
   Mesh Size - Setup1, Refinement, Pass #1, Freq. 1.000000e+09 :Title    
   Listing of mesh elements with small segments. :ToolTip  
   hf3d :Author   
   1701876672 :TimeStamp
FlagFileMetaData End
BEGIN_ERR 
26 Small mesh segment detected on body : Radiation_box
 Small mesh segment detected on body : Radiation_box 
 Segment Statistics - Number of Segments : 1 --- Segment length(s) : 0.750000mm. The cutoff frequency for S-Matrix Only Solve is 3.25861367391304MHz 
5 -1  7  86  10  98  # nfids, fids[]
2 112  -1  # nbids, bids[]
      5 4 1 0 #ntets ntri ned npts
           0.0000000000000000e+00   2.5750000000000004e+01   1.6000000000000001e+00 #xyz tv0
           9.3750000000000000e+00   2.5000000000000000e+01   1.6000000000000001e+00 #xyz tv1
           3.8000000000000000e+01   2.2999999999999996e+01   1.8000000000000011e+01 #xyz tv2
           0.0000000000000000e+00   2.6500000000000000e+01   1.6000000000000001e+00 -1 112 #xyz tv3 fid bid
           0.0000000000000000e+00   2.5750000000000004e+01   1.6000000000000001e+00 #xyz tv0
           3.8000000000000000e+01   2.2999999999999996e+01   1.8000000000000011e+01 #xyz tv1
          -8.0000000000000000e+00   5.7999999999999993e+01   1.8000000000000011e+01 #xyz tv2
           0.0000000000000000e+00   2.6500000000000000e+01   1.6000000000000001e+00 -1 112 #xyz tv3 fid bid
          -9.1848509936051053e-17   2.6500000000000000e+01  -3.3306690738754701e-16 #xyz tv0
           9.3750000000000000e+00   2.5000000000000000e+01   1.6000000000000001e+00 #xyz tv1
           0.0000000000000000e+00   2.5750000000000004e+01   1.6000000000000001e+00 #xyz tv2
           0.0000000000000000e+00   2.6500000000000000e+01   1.6000000000000001e+00 -1 112 #xyz tv3 fid bid
           0.0000000000000000e+00   2.5750000000000004e+01   1.6000000000000001e+00 #xyz tv0
          -8.0000000000000000e+00   5.7999999999999993e+01   1.8000000000000011e+01 #xyz tv1
          -3.1077485380116956e+00   2.8751228983918129e+01   1.5263651315789482e+00 #xyz tv2
           0.0000000000000000e+00   2.6500000000000000e+01   1.6000000000000001e+00 -1 112 #xyz tv3 fid bid
          -9.1848509936051053e-17   2.6500000000000000e+01  -3.3306690738754701e-16 #xyz tv0
           0.0000000000000000e+00   2.5750000000000004e+01   1.6000000000000001e+00 #xyz tv1
          -3.1077485380116956e+00   2.8751228983918129e+01   1.5263651315789482e+00 #xyz tv2
           0.0000000000000000e+00   2.6500000000000000e+01   1.6000000000000001e+00 -1 112 #xyz tv3 fid bid
           0.0000000000000000e+00   2.5750000000000004e+01   1.6000000000000001e+00 #xyz tv0
           9.3750000000000000e+00   2.5000000000000000e+01   1.6000000000000001e+00 #xyz tv1
           0.0000000000000000e+00   2.6500000000000000e+01   1.6000000000000001e+00 7 -1 #xyz tv2 fid bid
           0.0000000000000000e+00   2.5750000000000004e+01   1.6000000000000001e+00 #xyz tv0
           9.3750000000000000e+00   2.5000000000000000e+01   1.6000000000000001e+00 #xyz tv1
           0.0000000000000000e+00   2.6500000000000000e+01   1.6000000000000001e+00 86 -1 #xyz tv2 fid bid
          -9.1848509936051053e-17   2.6500000000000000e+01  -3.3306690738754701e-16 #xyz tv0
           0.0000000000000000e+00   2.5750000000000004e+01   1.6000000000000001e+00 #xyz tv1
           0.0000000000000000e+00   2.6500000000000000e+01   1.6000000000000001e+00 10 -1 #xyz tv2 fid bid
          -9.1848509936051053e-17   2.6500000000000000e+01  -3.3306690738754701e-16 #xyz tv0
           0.0000000000000000e+00   2.5750000000000004e+01   1.6000000000000001e+00 #xyz tv1
           0.0000000000000000e+00   2.6500000000000000e+01   1.6000000000000001e+00 98 -1 #xyz tv2 fid bid
           0.0000000000000000e+00   2.6500000000000000e+01   1.6000000000000001e+00 #xyz ev0
           0.0000000000000000e+00   2.5750000000000004e+01   1.6000000000000001e+00 -1 112 #xyz ev1 fid bid
   0   0.000000000000e+00   0.000000000000e+00   0.000000000000e+00 #flag location
END_ERR 
G3dErrFileVersion 2018P3.1
FlagFileMetaData Begin
   Mesh Size - Setup1, Refinement, Pass #2, Freq. 1.000000e+09 :Title    
   Listing of mesh elements with small segments. :ToolTip  
   hf3d :Author   
   1701876674 :TimeStamp
FlagFileMetaData End
BEGIN_ERR 
26 Small mesh segment detected on body : Substrate
 Small mesh segment detected on body : Substrate 
 Segment Statistics - Number of Segments : 1 --- Segment length(s) : 0.711316mm. The cutoff frequency for S-Matrix Only Solve is 3.25861367391304MHz 
3 -1  10  98  # nfids, fids[]
2 6  -1  # nbids, bids[]
      4 4 1 0 #ntets ntri ned npts
           1.6517857142857142e+01   2.8803571428571431e+01   1.6000000000000001e+00 #xyz tv0
           1.2864981197413118e-16   2.7250000000000000e+01   1.6000000000000001e+00 #xyz tv1
           3.1633422783064058e-17   2.7232942708333333e+01   8.8888888888888884e-01 #xyz tv2
           2.5729962394826237e-16   2.8000000000000004e+01   1.6000000000000001e+00 -1 6 #xyz tv3 fid bid
           1.2864981197413118e-16   2.7250000000000000e+01   1.6000000000000001e+00 #xyz tv0
          -2.9587553163211062e+00   2.6140979594464380e+01   2.7763640101674656e+00 #xyz tv1
           3.1633422783064058e-17   2.7232942708333333e+01   8.8888888888888884e-01 #xyz tv2
           2.5729962394826237e-16   2.8000000000000004e+01   1.6000000000000001e+00 -1 6 #xyz tv3 fid bid
           3.1633422783064058e-17   2.7232942708333333e+01   8.8888888888888884e-01 #xyz tv0
           1.6517857142857142e+01   2.8803571428571431e+01   1.6000000000000001e+00 #xyz tv1
           0.0000000000000000e+00   2.6500000000000000e+01   1.6000000000000001e+00 #xyz tv2
           1.2864981197413118e-16   2.7250000000000000e+01   1.6000000000000001e+00 -1 6 #xyz tv3 fid bid
           1.2864981197413118e-16   2.7250000000000000e+01   1.6000000000000001e+00 #xyz tv0
           3.1633422783064058e-17   2.7232942708333333e+01   8.8888888888888884e-01 #xyz tv1
          -2.9587553163211062e+00   2.6140979594464380e+01   2.7763640101674656e+00 #xyz tv2
           0.0000000000000000e+00   2.6500000000000000e+01   1.6000000000000001e+00 -1 6 #xyz tv3 fid bid
           1.2864981197413118e-16   2.7250000000000000e+01   1.6000000000000001e+00 #xyz tv0
           3.1633422783064058e-17   2.7232942708333333e+01   8.8888888888888884e-01 #xyz tv1
           0.0000000000000000e+00   2.6500000000000000e+01   1.6000000000000001e+00 10 -1 #xyz tv2 fid bid
           1.2864981197413118e-16   2.7250000000000000e+01   1.6000000000000001e+00 #xyz tv0
           3.1633422783064058e-17   2.7232942708333333e+01   8.8888888888888884e-01 #xyz tv1
           0.0000000000000000e+00   2.6500000000000000e+01   1.6000000000000001e+00 98 -1 #xyz tv2 fid bid
           1.2864981197413118e-16   2.7250000000000000e+01   1.6000000000000001e+00 #xyz tv0
           2.5729962394826237e-16   2.8000000000000004e+01   1.6000000000000001e+00 #xyz tv1
           3.1633422783064058e-17   2.7232942708333333e+01   8.8888888888888884e-01 10 -1 #xyz tv2 fid bid
           1.2864981197413118e-16   2.7250000000000000e+01   1.6000000000000001e+00 #xyz tv0
           2.5729962394826237e-16   2.8000000000000004e+01   1.6000000000000001e+00 #xyz tv1
           3.1633422783064058e-17   2.7232942708333333e+01   8.8888888888888884e-01 98 -1 #xyz tv2 fid bid
           1.2864981197413118e-16   2.7250000000000000e+01   1.6000000000000001e+00 #xyz ev0
           3.1633422783064058e-17   2.7232942708333333e+01   8.8888888888888884e-01 -1 6 #xyz ev1 fid bid
   0   0.000000000000e+00   0.000000000000e+00   0.000000000000e+00 #flag location
END_ERR 
G3dErrFileVersion 2018P3.1
FlagFileMetaData Begin
   Mesh Size - Setup1, Refinement, Pass #3, Freq. 1.000000e+09 :Title    
   Listing of mesh elements with small segments. :ToolTip  
   hf3d :Author   
   1701876677 :TimeStamp
FlagFileMetaData End
BEGIN_ERR 
26 Small mesh segment detected on body : Substrate
 Small mesh segment detected on body : Substrate 
 Segment Statistics - Number of Segments : 1 --- Segment length(s) : 0.711316mm. The cutoff frequency for S-Matrix Only Solve is 3.25861367391304MHz 
3 -1  10  98  # nfids, fids[]
2 6  -1  # nbids, bids[]
      4 4 1 0 #ntets ntri ned npts
           3.1633422783064058e-17   2.7232942708333333e+01   8.8888888888888884e-01 #xyz tv0
           2.5729962394826237e-16   2.8000000000000004e+01   1.6000000000000001e+00 #xyz tv1
           9.3750000000000000e+00   2.6500000000000000e+01   1.6000000000000001e+00 #xyz tv2
           1.2864981197413118e-16   2.7250000000000000e+01   1.6000000000000001e+00 -1 6 #xyz tv3 fid bid
           3.1633422783064058e-17   2.7232942708333333e+01   8.8888888888888884e-01 #xyz tv0
           1.2864981197413118e-16   2.7250000000000000e+01   1.6000000000000001e+00 #xyz tv1
           9.3750000000000000e+00   2.6500000000000000e+01   1.6000000000000001e+00 #xyz tv2
           0.0000000000000000e+00   2.6500000000000000e+01   1.6000000000000001e+00 -1 6 #xyz tv3 fid bid
           1.2864981197413118e-16   2.7250000000000000e+01   1.6000000000000001e+00 #xyz tv0
          -2.9587553163211062e+00   2.6140979594464380e+01   2.7763640101674656e+00 #xyz tv1
           3.1633422783064058e-17   2.7232942708333333e+01   8.8888888888888884e-01 #xyz tv2
           2.5729962394826237e-16   2.8000000000000004e+01   1.6000000000000001e+00 -1 6 #xyz tv3 fid bid
           1.2864981197413118e-16   2.7250000000000000e+01   1.6000000000000001e+00 #xyz tv0
           3.1633422783064058e-17   2.7232942708333333e+01   8.8888888888888884e-01 #xyz tv1
          -2.9587553163211062e+00   2.6140979594464380e+01   2.7763640101674656e+00 #xyz tv2
           0.0000000000000000e+00   2.6500000000000000e+01   1.6000000000000001e+00 -1 6 #xyz tv3 fid bid
           1.2864981197413118e-16   2.7250000000000000e+01   1.6000000000000001e+00 #xyz tv0
           3.1633422783064058e-17   2.7232942708333333e+01   8.8888888888888884e-01 #xyz tv1
           0.0000000000000000e+00   2.6500000000000000e+01   1.6000000000000001e+00 10 -1 #xyz tv2 fid bid
           1.2864981197413118e-16   2.7250000000000000e+01   1.6000000000000001e+00 #xyz tv0
           3.1633422783064058e-17   2.7232942708333333e+01   8.8888888888888884e-01 #xyz tv1
           0.0000000000000000e+00   2.6500000000000000e+01   1.6000000000000001e+00 98 -1 #xyz tv2 fid bid
           1.2864981197413118e-16   2.7250000000000000e+01   1.6000000000000001e+00 #xyz tv0
           2.5729962394826237e-16   2.8000000000000004e+01   1.6000000000000001e+00 #xyz tv1
           3.1633422783064058e-17   2.7232942708333333e+01   8.8888888888888884e-01 10 -1 #xyz tv2 fid bid
           1.2864981197413118e-16   2.7250000000000000e+01   1.6000000000000001e+00 #xyz tv0
           2.5729962394826237e-16   2.8000000000000004e+01   1.6000000000000001e+00 #xyz tv1
           3.1633422783064058e-17   2.7232942708333333e+01   8.8888888888888884e-01 98 -1 #xyz tv2 fid bid
           1.2864981197413118e-16   2.7250000000000000e+01   1.6000000000000001e+00 #xyz ev0
           3.1633422783064058e-17   2.7232942708333333e+01   8.8888888888888884e-01 -1 6 #xyz ev1 fid bid
   0   0.000000000000e+00   0.000000000000e+00   0.000000000000e+00 #flag location
END_ERR 
G3dErrFileVersion 2018P3.1
FlagFileMetaData Begin
   Mesh Size - Setup1, Refinement, Pass #4, Freq. 1.000000e+09 :Title    
   Listing of mesh elements with small segments. :ToolTip  
   hf3d :Author   
   1701876679 :TimeStamp
FlagFileMetaData End
BEGIN_ERR 
26 Small mesh segment detected on body : Substrate
 Small mesh segment detected on body : Substrate 
 Segment Statistics - Number of Segments : 1 --- Segment length(s) : 0.711316mm. The cutoff frequency for S-Matrix Only Solve is 3.25861367391304MHz 
3 -1  10  98  # nfids, fids[]
2 6  -1  # nbids, bids[]
      4 4 1 0 #ntets ntri ned npts
           3.1633422783064058e-17   2.7232942708333333e+01   8.8888888888888884e-01 #xyz tv0
           6.1494748110283446e+00   2.9246676654490837e+01   1.6000000000000001e+00 #xyz tv1
           0.0000000000000000e+00   2.6500000000000000e+01   1.6000000000000001e+00 #xyz tv2
           1.2864981197413118e-16   2.7250000000000000e+01   1.6000000000000001e+00 -1 6 #xyz tv3 fid bid
           3.1633422783064058e-17   2.7232942708333333e+01   8.8888888888888884e-01 #xyz tv0
           6.1494748110283446e+00   2.9246676654490837e+01   1.6000000000000001e+00 #xyz tv1
           1.2864981197413118e-16   2.7250000000000000e+01   1.6000000000000001e+00 #xyz tv2
           2.5729962394826237e-16   2.8000000000000004e+01   1.6000000000000001e+00 -1 6 #xyz tv3 fid bid
           1.2864981197413118e-16   2.7250000000000000e+01   1.6000000000000001e+00 #xyz tv0
           3.1633422783064058e-17   2.7232942708333333e+01   8.8888888888888884e-01 #xyz tv1
          -2.9587553163211062e+00   2.6140979594464380e+01   2.7763640101674656e+00 #xyz tv2
           0.0000000000000000e+00   2.6500000000000000e+01   1.6000000000000001e+00 -1 6 #xyz tv3 fid bid
           1.2864981197413118e-16   2.7250000000000000e+01   1.6000000000000001e+00 #xyz tv0
          -2.9587553163211062e+00   2.6140979594464380e+01   2.7763640101674656e+00 #xyz tv1
           3.1633422783064058e-17   2.7232942708333333e+01   8.8888888888888884e-01 #xyz tv2
           2.5729962394826237e-16   2.8000000000000004e+01   1.6000000000000001e+00 -1 6 #xyz tv3 fid bid
           1.2864981197413118e-16   2.7250000000000000e+01   1.6000000000000001e+00 #xyz tv0
           3.1633422783064058e-17   2.7232942708333333e+01   8.8888888888888884e-01 #xyz tv1
           0.0000000000000000e+00   2.6500000000000000e+01   1.6000000000000001e+00 10 -1 #xyz tv2 fid bid
           1.2864981197413118e-16   2.7250000000000000e+01   1.6000000000000001e+00 #xyz tv0
           3.1633422783064058e-17   2.7232942708333333e+01   8.8888888888888884e-01 #xyz tv1
           0.0000000000000000e+00   2.6500000000000000e+01   1.6000000000000001e+00 98 -1 #xyz tv2 fid bid
           1.2864981197413118e-16   2.7250000000000000e+01   1.6000000000000001e+00 #xyz tv0
           2.5729962394826237e-16   2.8000000000000004e+01   1.6000000000000001e+00 #xyz tv1
           3.1633422783064058e-17   2.7232942708333333e+01   8.8888888888888884e-01 10 -1 #xyz tv2 fid bid
           1.2864981197413118e-16   2.7250000000000000e+01   1.6000000000000001e+00 #xyz tv0
           2.5729962394826237e-16   2.8000000000000004e+01   1.6000000000000001e+00 #xyz tv1
           3.1633422783064058e-17   2.7232942708333333e+01   8.8888888888888884e-01 98 -1 #xyz tv2 fid bid
           1.2864981197413118e-16   2.7250000000000000e+01   1.6000000000000001e+00 #xyz ev0
           3.1633422783064058e-17   2.7232942708333333e+01   8.8888888888888884e-01 -1 6 #xyz ev1 fid bid
   0   0.000000000000e+00   0.000000000000e+00   0.000000000000e+00 #flag location
END_ERR 
G3dErrFileVersion 2018P3.1
FlagFileMetaData Begin
   Mesh Size - Setup1, Refinement, Pass #5, Freq. 1.000000e+09 :Title    
   Listing of mesh elements with small segments. :ToolTip  
   hf3d :Author   
   1701876682 :TimeStamp
FlagFileMetaData End
BEGIN_ERR 
26 Small mesh segment detected on body : Substrate
 Small mesh segment detected on body : Substrate 
 Segment Statistics - Number of Segments : 1 --- Segment length(s) : 0.674083mm. The cutoff frequency for S-Matrix Only Solve is 3.25861367391304MHz 
3 -1  10  98  # nfids, fids[]
2 6  -1  # nbids, bids[]
      4 4 1 0 #ntets ntri ned npts
           4.3665640869249257e-17   2.7192256945983022e+01   9.2839506172839503e-01 #xyz tv0
           2.5729962394826237e-16   2.8000000000000004e+01   1.6000000000000001e+00 #xyz tv1
           4.6875000000000000e+00   2.6500000000000000e+01   1.6000000000000001e+00 #xyz tv2
           1.2864981197413118e-16   2.7250000000000000e+01   1.6000000000000001e+00 -1 6 #xyz tv3 fid bid
           4.3665640869249257e-17   2.7192256945983022e+01   9.2839506172839503e-01 #xyz tv0
           1.2864981197413118e-16   2.7250000000000000e+01   1.6000000000000001e+00 #xyz tv1
           4.6875000000000000e+00   2.6500000000000000e+01   1.6000000000000001e+00 #xyz tv2
           0.0000000000000000e+00   2.6500000000000000e+01   1.6000000000000001e+00 -1 6 #xyz tv3 fid bid
           1.2864981197413118e-16   2.7250000000000000e+01   1.6000000000000001e+00 #xyz tv0
          -2.9587553163211062e+00   2.6140979594464380e+01   2.7763640101674656e+00 #xyz tv1
           4.3665640869249257e-17   2.7192256945983022e+01   9.2839506172839503e-01 #xyz tv2
           2.5729962394826237e-16   2.8000000000000004e+01   1.6000000000000001e+00 -1 6 #xyz tv3 fid bid
           1.2864981197413118e-16   2.7250000000000000e+01   1.6000000000000001e+00 #xyz tv0
           4.3665640869249257e-17   2.7192256945983022e+01   9.2839506172839503e-01 #xyz tv1
          -2.9587553163211062e+00   2.6140979594464380e+01   2.7763640101674656e+00 #xyz tv2
           0.0000000000000000e+00   2.6500000000000000e+01   1.6000000000000001e+00 -1 6 #xyz tv3 fid bid
           1.2864981197413118e-16   2.7250000000000000e+01   1.6000000000000001e+00 #xyz tv0
           4.3665640869249257e-17   2.7192256945983022e+01   9.2839506172839503e-01 #xyz tv1
           0.0000000000000000e+00   2.6500000000000000e+01   1.6000000000000001e+00 10 -1 #xyz tv2 fid bid
           1.2864981197413118e-16   2.7250000000000000e+01   1.6000000000000001e+00 #xyz tv0
           4.3665640869249257e-17   2.7192256945983022e+01   9.2839506172839503e-01 #xyz tv1
           0.0000000000000000e+00   2.6500000000000000e+01   1.6000000000000001e+00 98 -1 #xyz tv2 fid bid
           1.2864981197413118e-16   2.7250000000000000e+01   1.6000000000000001e+00 #xyz tv0
           2.5729962394826237e-16   2.8000000000000004e+01   1.6000000000000001e+00 #xyz tv1
           4.3665640869249257e-17   2.7192256945983022e+01   9.2839506172839503e-01 10 -1 #xyz tv2 fid bid
