G3dErrFileVersion 2018P3.1
FlagFileMetaData Begin
   Mesh Size - Setup1, Refinement, Pass #1, Freq. 5.000000e+09 :Title    
   Listing of mesh elements with small segments. :ToolTip  
   hf3d :Author   
   1701702057 :TimeStamp
FlagFileMetaData End
BEGIN_ERR 
26 Small mesh segment detected on body : Substrate
 Small mesh segment detected on body : Substrate 
 Segment Statistics - Number of Segments : 1 --- Segment length(s) : 11.735765mm. The cutoff frequency for S-Matrix Only Solve is 3.99723277333333MHz 
3 -1  8  44  # nfids, fids[]
2 6  -1  # nbids, bids[]
      5 4 1 0 #ntets ntri ned npts
           4.6934329859020835e+01   4.3019913297124582e+01   9.9677214290987616e-17 #xyz tv0
           3.7500000000000000e+01   5.0000000000000000e+01   0.0000000000000000e+00 #xyz tv1
           4.5117187500000000e+01   5.0000000000000000e+01   1.6000000000000001e+00 #xyz tv2
           3.7500000000000000e+01   5.0000000000000000e+01   1.6000000000000001e+00 -1 6 #xyz tv3 fid bid
           4.6934329859020835e+01   4.3019913297124582e+01   9.9677214290987616e-17 #xyz tv0
           3.7500000000000000e+01   5.0000000000000000e+01   1.6000000000000001e+00 #xyz tv1
           3.7431760528109677e+01   3.7331109920194223e+01   1.6558932503053214e-16 #xyz tv2
           3.7500000000000000e+01   5.0000000000000000e+01   0.0000000000000000e+00 -1 6 #xyz tv3 fid bid
           4.6934329859020835e+01   4.3019913297124582e+01   9.9677214290987616e-17 #xyz tv0
           4.5117187500000000e+01   5.0000000000000000e+01   1.6000000000000001e+00 #xyz tv1
           3.7500000000000000e+01   5.0000000000000000e+01   0.0000000000000000e+00 #xyz tv2
           4.6875000000000000e+01   5.0000000000000000e+01   0.0000000000000000e+00 -1 6 #xyz tv3 fid bid
           3.2343750000000000e+01   5.2500000000000000e+01  -8.0000000000000004e-01 #xyz tv0
           4.6875000000000000e+01   5.0000000000000000e+01   0.0000000000000000e+00 #xyz tv1
           4.6934329859020835e+01   4.3019913297124582e+01   9.9677214290987616e-17 #xyz tv2
           3.7500000000000000e+01   5.0000000000000000e+01   0.0000000000000000e+00 -1 6 #xyz tv3 fid bid
           3.2343750000000000e+01   5.2500000000000000e+01  -8.0000000000000004e-01 #xyz tv0
           4.6934329859020835e+01   4.3019913297124582e+01   9.9677214290987616e-17 #xyz tv1
           3.7431760528109677e+01   3.7331109920194223e+01   1.6558932503053214e-16 #xyz tv2
           3.7500000000000000e+01   5.0000000000000000e+01   0.0000000000000000e+00 -1 6 #xyz tv3 fid bid
           4.6934329859020835e+01   4.3019913297124582e+01   9.9677214290987616e-17 #xyz tv0
           3.7431760528109677e+01   3.7331109920194223e+01   1.6558932503053214e-16 #xyz tv1
           3.7500000000000000e+01   5.0000000000000000e+01   0.0000000000000000e+00 8 -1 #xyz tv2 fid bid
           4.6934329859020835e+01   4.3019913297124582e+01   9.9677214290987616e-17 #xyz tv0
           3.7431760528109677e+01   3.7331109920194223e+01   1.6558932503053214e-16 #xyz tv1
           3.7500000000000000e+01   5.0000000000000000e+01   0.0000000000000000e+00 44 -1 #xyz tv2 fid bid
           4.6875000000000000e+01   5.0000000000000000e+01   0.0000000000000000e+00 #xyz tv0
           4.6934329859020835e+01   4.3019913297124582e+01   9.9677214290987616e-17 #xyz tv1
           3.7500000000000000e+01   5.0000000000000000e+01   0.0000000000000000e+00 8 -1 #xyz tv2 fid bid
           4.6875000000000000e+01   5.0000000000000000e+01   0.0000000000000000e+00 #xyz tv0
           4.6934329859020835e+01   4.3019913297124582e+01   9.9677214290987616e-17 #xyz tv1
           3.7500000000000000e+01   5.0000000000000000e+01   0.0000000000000000e+00 44 -1 #xyz tv2 fid bid
           3.7500000000000000e+01   5.0000000000000000e+01   0.0000000000000000e+00 #xyz ev0
           4.6934329859020835e+01   4.3019913297124582e+01   9.9677214290987616e-17 -1 6 #xyz ev1 fid bid
   0   0.000000000000e+00   0.000000000000e+00   0.000000000000e+00 #flag location
END_ERR 
G3dErrFileVersion 2018P3.1
FlagFileMetaData Begin
   Mesh Size - Setup1, Refinement, Pass #2, Freq. 5.000000e+09 :Title    
   Listing of mesh elements with small segments. :ToolTip  
   hf3d :Author   
   1701702060 :TimeStamp
FlagFileMetaData End
BEGIN_ERR 
26 Small mesh segment detected on body : Substrate
 Small mesh segment detected on body : Substrate 
 Segment Statistics - Number of Segments : 1 --- Segment length(s) : 10.464453mm. The cutoff frequency for S-Matrix Only Solve is 3.99723277333333MHz 
3 -1  8  44  # nfids, fids[]
2 6  -1  # nbids, bids[]
      5 4 1 0 #ntets ntri ned npts
           3.2426552078963098e+01   3.4618492590033114e+01   2.6411185537409621e-16 #xyz tv0
           3.2215105384760321e+01   3.4055182640096739e+01   1.6000000000000001e+00 #xyz tv1
           2.7975735698968858e+01   4.1813114168004809e+01   2.4803957480053771e-16 #xyz tv2
           3.7431760528109677e+01   3.7331109920194223e+01   1.6558932503053214e-16 -1 6 #xyz tv3 fid bid
           3.2426552078963098e+01   3.4618492590033114e+01   2.6411185537409621e-16 #xyz tv0
           2.7975735698968858e+01   4.1813114168004809e+01   2.4803957480053771e-16 #xyz tv1
           2.4053333239638352e+01   4.0123717087458935e+01  -8.0000000000000004e-01 #xyz tv2
           3.7431760528109677e+01   3.7331109920194223e+01   1.6558932503053214e-16 -1 6 #xyz tv3 fid bid
           3.2215105384760321e+01   3.4055182640096739e+01   1.6000000000000001e+00 #xyz tv0
           3.7431760528109677e+01   3.7331109920194223e+01   1.6558932503053214e-16 #xyz tv1
           3.4059770715463173e+01   4.4092507321529112e+01   1.6000000000000001e+00 #xyz tv2
           2.7975735698968858e+01   4.1813114168004809e+01   2.4803957480053771e-16 -1 6 #xyz tv3 fid bid
           2.4053333239638352e+01   4.0123717087458935e+01  -8.0000000000000004e-01 #xyz tv0
           3.7500000000000000e+01   5.0000000000000000e+01   0.0000000000000000e+00 #xyz tv1
           3.7431760528109677e+01   3.7331109920194223e+01   1.6558932503053214e-16 #xyz tv2
           2.7975735698968858e+01   4.1813114168004809e+01   2.4803957480053771e-16 -1 6 #xyz tv3 fid bid
           3.7431760528109677e+01   3.7331109920194223e+01   1.6558932503053214e-16 #xyz tv0
           3.4059770715463173e+01   4.4092507321529112e+01   1.6000000000000001e+00 #xyz tv1
           2.7975735698968858e+01   4.1813114168004809e+01   2.4803957480053771e-16 #xyz tv2
           3.7500000000000000e+01   5.0000000000000000e+01   0.0000000000000000e+00 -1 6 #xyz tv3 fid bid
           2.7975735698968858e+01   4.1813114168004809e+01   2.4803957480053771e-16 #xyz tv0
           3.7500000000000000e+01   5.0000000000000000e+01   0.0000000000000000e+00 #xyz tv1
           3.7431760528109677e+01   3.7331109920194223e+01   1.6558932503053214e-16 8 -1 #xyz tv2 fid bid
           2.7975735698968858e+01   4.1813114168004809e+01   2.4803957480053771e-16 #xyz tv0
           3.7500000000000000e+01   5.0000000000000000e+01   0.0000000000000000e+00 #xyz tv1
           3.7431760528109677e+01   3.7331109920194223e+01   1.6558932503053214e-16 44 -1 #xyz tv2 fid bid
           3.2426552078963098e+01   3.4618492590033114e+01   2.6411185537409621e-16 #xyz tv0
           2.7975735698968858e+01   4.1813114168004809e+01   2.4803957480053771e-16 #xyz tv1
           3.7431760528109677e+01   3.7331109920194223e+01   1.6558932503053214e-16 8 -1 #xyz tv2 fid bid
           3.2426552078963098e+01   3.4618492590033114e+01   2.6411185537409621e-16 #xyz tv0
           2.7975735698968858e+01   4.1813114168004809e+01   2.4803957480053771e-16 #xyz tv1
           3.7431760528109677e+01   3.7331109920194223e+01   1.6558932503053214e-16 44 -1 #xyz tv2 fid bid
           3.7431760528109677e+01   3.7331109920194223e+01   1.6558932503053214e-16 #xyz ev0
           2.7975735698968858e+01   4.1813114168004809e+01   2.4803957480053771e-16 -1 6 #xyz ev1 fid bid
   0   0.000000000000e+00   0.000000000000e+00   0.000000000000e+00 #flag location
END_ERR 
G3dErrFileVersion 2018P3.1
FlagFileMetaData Begin
   Mesh Size - Setup1, Refinement, Pass #1, Freq. 5.000000e+09 :Title    
   Listing of mesh elements with small segments. :ToolTip  
   hf3d :Author   
   1701702494 :TimeStamp
FlagFileMetaData End
BEGIN_ERR 
26 Small mesh segment detected on body : Radiation_box
 Small mesh segment detected on body : Radiation_box 
 Segment Statistics - Number of Segments : 1 --- Segment length(s) : 0.507599mm. The cutoff frequency for S-Matrix Only Solve is 3.48595881395349MHz 
3 -1  12  140  # nfids, fids[]
2 254  -1  # nbids, bids[]
      4 4 1 0 #ntets ntri ned npts
           7.5000000000000000e+01   2.5375000000000000e+01   1.2000000000000004e+00 #xyz tv0
           7.5000000000000000e+01   2.5062500000000000e+01   8.0000000000000027e-01 #xyz tv1
           8.0000000000000000e+01   2.5000000000000000e+01   0.0000000000000000e+00 #xyz tv2
           7.5000000000000000e+01   2.5750000000000004e+01   8.0000000000000060e-01 -1 254 #xyz tv3 fid bid
           7.5000000000000000e+01   2.5375000000000000e+01   1.2000000000000004e+00 #xyz tv0
           8.0000000000000000e+01   2.5000000000000000e+01   0.0000000000000000e+00 #xyz tv1
           7.5000000000000000e+01   2.5062500000000000e+01   8.0000000000000027e-01 #xyz tv2
           7.5000000000000000e+01   2.5000000000000000e+01   1.6000000000000001e+00 -1 254 #xyz tv3 fid bid
           7.5000000000000000e+01   2.5375000000000000e+01   1.2000000000000004e+00 #xyz tv0
           7.2443389892578139e+01   2.3500000000000000e+01   1.6000000000000001e+00 #xyz tv1
           7.5000000000000000e+01   2.5062500000000000e+01   8.0000000000000027e-01 #xyz tv2
           7.5000000000000000e+01   2.5750000000000004e+01   8.0000000000000060e-01 -1 254 #xyz tv3 fid bid
           7.5000000000000000e+01   2.5375000000000000e+01   1.2000000000000004e+00 #xyz tv0
           7.5000000000000000e+01   2.5062500000000000e+01   8.0000000000000027e-01 #xyz tv1
           7.2443389892578139e+01   2.3500000000000000e+01   1.6000000000000001e+00 #xyz tv2
           7.5000000000000000e+01   2.5000000000000000e+01   1.6000000000000001e+00 -1 254 #xyz tv3 fid bid
           7.5000000000000000e+01   2.5375000000000000e+01   1.2000000000000004e+00 #xyz tv0
           7.5000000000000000e+01   2.5062500000000000e+01   8.0000000000000027e-01 #xyz tv1
           7.5000000000000000e+01   2.5750000000000004e+01   8.0000000000000060e-01 12 -1 #xyz tv2 fid bid
           7.5000000000000000e+01   2.5375000000000000e+01   1.2000000000000004e+00 #xyz tv0
           7.5000000000000000e+01   2.5062500000000000e+01   8.0000000000000027e-01 #xyz tv1
           7.5000000000000000e+01   2.5750000000000004e+01   8.0000000000000060e-01 140 -1 #xyz tv2 fid bid
           7.5000000000000000e+01   2.5375000000000000e+01   1.2000000000000004e+00 #xyz tv0
           7.5000000000000000e+01   2.5000000000000000e+01   1.6000000000000001e+00 #xyz tv1
           7.5000000000000000e+01   2.5062500000000000e+01   8.0000000000000027e-01 12 -1 #xyz tv2 fid bid
           7.5000000000000000e+01   2.5375000000000000e+01   1.2000000000000004e+00 #xyz tv0
           7.5000000000000000e+01   2.5000000000000000e+01   1.6000000000000001e+00 #xyz tv1
           7.5000000000000000e+01   2.5062500000000000e+01   8.0000000000000027e-01 140 -1 #xyz tv2 fid bid
           7.5000000000000000e+01   2.5375000000000000e+01   1.2000000000000004e+00 #xyz ev0
           7.5000000000000000e+01   2.5062500000000000e+01   8.0000000000000027e-01 -1 254 #xyz ev1 fid bid
   0   0.000000000000e+00   0.000000000000e+00   0.000000000000e+00 #flag location
END_ERR 
G3dErrFileVersion 2018P3.1
FlagFileMetaData Begin
   Mesh Size - Setup1, Refinement, Pass #2, Freq. 5.000000e+09 :Title    
   Listing of mesh elements with small segments. :ToolTip  
   hf3d :Author   
   1701702496 :TimeStamp
FlagFileMetaData End
BEGIN_ERR 
26 Small mesh segment detected on body : Radiation_box
 Small mesh segment detected on body : Radiation_box 
 Segment Statistics - Number of Segments : 1 --- Segment length(s) : 0.492500mm. The cutoff frequency for S-Matrix Only Solve is 3.48595881395349MHz 
3 -1  12  140  # nfids, fids[]
2 254  -1  # nbids, bids[]
      4 4 1 0 #ntets ntri ned npts
           7.5000000000000000e+01   2.5349826388888889e+01   1.2000000000000004e+00 #xyz tv0
           7.5000000000000000e+01   2.5062500000000000e+01   8.0000000000000027e-01 #xyz tv1
           8.0000000000000000e+01   2.5000000000000000e+01   0.0000000000000000e+00 #xyz tv2
           7.5000000000000000e+01   2.5750000000000007e+01   8.0000000000000060e-01 -1 254 #xyz tv3 fid bid
           7.5000000000000000e+01   2.5349826388888889e+01   1.2000000000000004e+00 #xyz tv0
           8.0000000000000000e+01   2.5000000000000000e+01   0.0000000000000000e+00 #xyz tv1
           7.5000000000000000e+01   2.5062500000000000e+01   8.0000000000000027e-01 #xyz tv2
           7.5000000000000000e+01   2.4718750000000000e+01   1.6000000000000001e+00 -1 254 #xyz tv3 fid bid
           7.5000000000000000e+01   2.5349826388888889e+01   1.2000000000000004e+00 #xyz tv0
           7.1889030933380127e+01   2.3500000000000000e+01   1.6000000000000001e+00 #xyz tv1
           7.5000000000000000e+01   2.5062500000000000e+01   8.0000000000000027e-01 #xyz tv2
           7.5000000000000000e+01   2.5750000000000007e+01   8.0000000000000060e-01 -1 254 #xyz tv3 fid bid
           7.5000000000000000e+01   2.5349826388888889e+01   1.2000000000000004e+00 #xyz tv0
           7.5000000000000000e+01   2.5062500000000000e+01   8.0000000000000027e-01 #xyz tv1
           7.1889030933380127e+01   2.3500000000000000e+01   1.6000000000000001e+00 #xyz tv2
           7.5000000000000000e+01   2.4718750000000000e+01   1.6000000000000001e+00 -1 254 #xyz tv3 fid bid
           7.5000000000000000e+01   2.5349826388888889e+01   1.2000000000000004e+00 #xyz tv0
           7.5000000000000000e+01   2.5062500000000000e+01   8.0000000000000027e-01 #xyz tv1
           7.5000000000000000e+01   2.5750000000000007e+01   8.0000000000000060e-01 12 -1 #xyz tv2 fid bid
           7.5000000000000000e+01   2.5349826388888889e+01   1.2000000000000004e+00 #xyz tv0
           7.5000000000000000e+01   2.5062500000000000e+01   8.0000000000000027e-01 #xyz tv1
           7.5000000000000000e+01   2.5750000000000007e+01   8.0000000000000060e-01 140 -1 #xyz tv2 fid bid
           7.5000000000000000e+01   2.5349826388888889e+01   1.2000000000000004e+00 #xyz tv0
           7.5000000000000000e+01   2.4718750000000000e+01   1.6000000000000001e+00 #xyz tv1
           7.5000000000000000e+01   2.5062500000000000e+01   8.0000000000000027e-01 12 -1 #xyz tv2 fid bid
           7.5000000000000000e+01   2.5349826388888889e+01   1.2000000000000004e+00 #xyz tv0
           7.5000000000000000e+01   2.4718750000000000e+01   1.6000000000000001e+00 #xyz tv1
           7.5000000000000000e+01   2.5062500000000000e+01   8.0000000000000027e-01 140 -1 #xyz tv2 fid bid
           7.5000000000000000e+01   2.5349826388888889e+01   1.2000000000000004e+00 #xyz ev0
           7.5000000000000000e+01   2.5062500000000000e+01   8.0000000000000027e-01 -1 254 #xyz ev1 fid bid
   0   0.000000000000e+00   0.000000000000e+00   0.000000000000e+00 #flag location
END_ERR 
G3dErrFileVersion 2018P3.1
FlagFileMetaData Begin
   Mesh Size - Setup1, Refinement, Pass #3, Freq. 5.000000e+09 :Title    
   Listing of mesh elements with small segments. :ToolTip  
   hf3d :Author   
   1701702499 :TimeStamp
FlagFileMetaData End
BEGIN_ERR 
26 Small mesh segment detected on body : Radiation_box
 Small mesh segment detected on body : Radiation_box 
 Segment Statistics - Number of Segments : 1 --- Segment length(s) : 0.492500mm. The cutoff frequency for S-Matrix Only Solve is 3.48595881395349MHz 
3 -1  12  140  # nfids, fids[]
2 254  -1  # nbids, bids[]
      4 4 1 0 #ntets ntri ned npts
           7.5000000000000000e+01   2.5349826388888889e+01   1.2000000000000004e+00 #xyz tv0
           7.5000000000000000e+01   2.5062500000000000e+01   8.0000000000000027e-01 #xyz tv1
           8.0000000000000000e+01   2.5000000000000000e+01   0.0000000000000000e+00 #xyz tv2
           7.5000000000000000e+01   2.5750000000000011e+01   8.0000000000000060e-01 -1 254 #xyz tv3 fid bid
           7.5000000000000000e+01   2.5349826388888889e+01   1.2000000000000004e+00 #xyz tv0
           8.0000000000000000e+01   2.5000000000000000e+01   0.0000000000000000e+00 #xyz tv1
           7.5000000000000000e+01   2.5062500000000000e+01   8.0000000000000027e-01 #xyz tv2
           7.5000000000000000e+01   2.4648437500000004e+01   1.6000000000000001e+00 -1 254 #xyz tv3 fid bid
           7.5000000000000000e+01   2.5062500000000000e+01   8.0000000000000027e-01 #xyz tv0
           7.5000000000000000e+01   2.5349826388888889e+01   1.2000000000000004e+00 #xyz tv1
           7.2509765625000000e+01   2.6500000000000000e+01   1.6000000000000001e+00 #xyz tv2
           7.5000000000000000e+01   2.5750000000000011e+01   8.0000000000000060e-01 -1 254 #xyz tv3 fid bid
           7.5000000000000000e+01   2.5062500000000000e+01   8.0000000000000027e-01 #xyz tv0
           7.5000000000000000e+01   2.4648437500000004e+01   1.6000000000000001e+00 #xyz tv1
           7.2509765625000000e+01   2.6500000000000000e+01   1.6000000000000001e+00 #xyz tv2
           7.5000000000000000e+01   2.5349826388888889e+01   1.2000000000000004e+00 -1 254 #xyz tv3 fid bid
           7.5000000000000000e+01   2.5349826388888889e+01   1.2000000000000004e+00 #xyz tv0
           7.5000000000000000e+01   2.5062500000000000e+01   8.0000000000000027e-01 #xyz tv1
           7.5000000000000000e+01   2.5750000000000011e+01   8.0000000000000060e-01 12 -1 #xyz tv2 fid bid
           7.5000000000000000e+01   2.5349826388888889e+01   1.2000000000000004e+00 #xyz tv0
           7.5000000000000000e+01   2.5062500000000000e+01   8.0000000000000027e-01 #xyz tv1
           7.5000000000000000e+01   2.5750000000000011e+01   8.0000000000000060e-01 140 -1 #xyz tv2 fid bid
           7.5000000000000000e+01   2.5349826388888889e+01   1.2000000000000004e+00 #xyz tv0
           7.5000000000000000e+01   2.4648437500000004e+01   1.6000000000000001e+00 #xyz tv1
           7.5000000000000000e+01   2.5062500000000000e+01   8.0000000000000027e-01 12 -1 #xyz tv2 fid bid
           7.5000000000000000e+01   2.5349826388888889e+01   1.2000000000000004e+00 #xyz tv0
           7.5000000000000000e+01   2.4648437500000004e+01   1.6000000000000001e+00 #xyz tv1
           7.5000000000000000e+01   2.5062500000000000e+01   8.0000000000000027e-01 140 -1 #xyz tv2 fid bid
           7.5000000000000000e+01   2.5349826388888889e+01   1.2000000000000004e+00 #xyz ev0
           7.5000000000000000e+01   2.5062500000000000e+01   8.0000000000000027e-01 -1 254 #xyz ev1 fid bid
   0   0.000000000000e+00   0.000000000000e+00   0.000000000000e+00 #flag location
END_ERR 
G3dErrFileVersion 2018P3.1
FlagFileMetaData Begin
   Mesh Size - Setup1, Refinement, Pass #4, Freq. 5.000000e+09 :Title    
   Listing of mesh elements with small segments. :ToolTip  
   hf3d :Author   
   1701702501 :TimeStamp
FlagFileMetaData End
BEGIN_ERR 
26 Small mesh segment detected on body : Radiation_box
 Small mesh segment detected on body : Radiation_box 
 Segment Statistics - Number of Segments : 1 --- Segment length(s) : 0.492500mm. The cutoff frequency for S-Matrix Only Solve is 3.48595881395349MHz 
3 -1  12  140  # nfids, fids[]
2 254  -1  # nbids, bids[]
      4 4 1 0 #ntets ntri ned npts
           7.5000000000000000e+01   2.5349826388888889e+01   1.2000000000000004e+00 #xyz tv0
           7.5000000000000000e+01   2.5062500000000000e+01   8.0000000000000027e-01 #xyz tv1
           8.0000000000000000e+01   2.5000000000000000e+01   0.0000000000000000e+00 #xyz tv2
           7.5000000000000000e+01   2.5750000000000014e+01   8.0000000000000060e-01 -1 254 #xyz tv3 fid bid
           7.5000000000000000e+01   2.5349826388888889e+01   1.2000000000000004e+00 #xyz tv0
           8.0000000000000000e+01   2.5000000000000000e+01   0.0000000000000000e+00 #xyz tv1
           7.5000000000000000e+01   2.5062500000000000e+01   8.0000000000000027e-01 #xyz tv2
           7.5000000000000000e+01   2.4626464843750007e+01   1.6000000000000001e+00 -1 254 #xyz tv3 fid bid
           7.5000000000000000e+01   2.5062500000000000e+01   8.0000000000000027e-01 #xyz tv0
           7.5000000000000000e+01   2.5349826388888889e+01   1.2000000000000004e+00 #xyz tv1
           7.2217941284179688e+01   2.6500000000000000e+01   1.6000000000000001e+00 #xyz tv2
           7.5000000000000000e+01   2.5750000000000014e+01   8.0000000000000060e-01 -1 254 #xyz tv3 fid bid
           7.5000000000000000e+01   2.5062500000000000e+01   8.0000000000000027e-01 #xyz tv0
           7.5000000000000000e+01   2.4626464843750007e+01   1.6000000000000001e+00 #xyz tv1
           7.2217941284179688e+01   2.6500000000000000e+01   1.6000000000000001e+00 #xyz tv2
           7.5000000000000000e+01   2.5349826388888889e+01   1.2000000000000004e+00 -1 254 #xyz tv3 fid bid
           7.5000000000000000e+01   2.5349826388888889e+01   1.2000000000000004e+00 #xyz tv0
           7.5000000000000000e+01   2.5062500000000000e+01   8.0000000000000027e-01 #xyz tv1
           7.5000000000000000e+01   2.5750000000000014e+01   8.0000000000000060e-01 12 -1 #xyz tv2 fid bid
           7.5000000000000000e+01   2.5349826388888889e+01   1.2000000000000004e+00 #xyz tv0
           7.5000000000000000e+01   2.5062500000000000e+01   8.0000000000000027e-01 #xyz tv1
           7.5000000000000000e+01   2.5750000000000014e+01   8.0000000000000060e-01 140 -1 #xyz tv2 fid bid
           7.5000000000000000e+01   2.5349826388888889e+01   1.2000000000000004e+00 #xyz tv0
           7.5000000000000000e+01   2.4626464843750007e+01   1.6000000000000001e+00 #xyz tv1
           7.5000000000000000e+01   2.5062500000000000e+01   8.0000000000000027e-01 12 -1 #xyz tv2 fid bid
           7.5000000000000000e+01   2.5349826388888889e+01   1.2000000000000004e+00 #xyz tv0
           7.5000000000000000e+01   2.4626464843750007e+01   1.6000000000000001e+00 #xyz tv1
           7.5000000000000000e+01   2.5062500000000000e+01   8.0000000000000027e-01 140 -1 #xyz tv2 fid bid
           7.5000000000000000e+01   2.5349826388888889e+01   1.2000000000000004e+00 #xyz ev0
           7.5000000000000000e+01   2.5062500000000000e+01   8.0000000000000027e-01 -1 254 #xyz ev1 fid bid
   0   0.000000000000e+00   0.000000000000e+00   0.000000000000e+00 #flag location
END_ERR 
G3dErrFileVersion 2018P3.1
FlagFileMetaData Begin
   Mesh Size - Setup1, Refinement, Pass #5, Freq. 5.000000e+09 :Title    
   Listing of mesh elements with small segments. :ToolTip  
   hf3d :Author   
   1701702504 :TimeStamp
FlagFileMetaData End
BEGIN_ERR 
26 Small mesh segment detected on body : Radiation_box
 Small mesh segment detected on body : Radiation_box 
 Segment Statistics - Number of Segments : 1 --- Segment length(s) : 0.492500mm. The cutoff frequency for S-Matrix Only Solve is 3.48595881395349MHz 
3 -1  12  140  # nfids, fids[]
2 254  -1  # nbids, bids[]
      4 4 1 0 #ntets ntri ned npts
           7.5000000000000000e+01   2.5349826388888889e+01   1.2000000000000004e+00 #xyz tv0
           7.5000000000000000e+01   2.5062500000000000e+01   8.0000000000000027e-01 #xyz tv1
           8.0000000000000000e+01   2.5000000000000000e+01   0.0000000000000000e+00 #xyz tv2
           7.5000000000000000e+01   2.5750000000000014e+01   8.0000000000000060e-01 -1 254 #xyz tv3 fid bid
           7.5000000000000000e+01   2.5349826388888889e+01   1.2000000000000004e+00 #xyz tv0
           8.0000000000000000e+01   2.5000000000000000e+01   0.0000000000000000e+00 #xyz tv1
           7.5000000000000000e+01   2.5062500000000000e+01   8.0000000000000027e-01 #xyz tv2
           7.5000000000000000e+01   2.4625091552734386e+01   1.6000000000000001e+00 -1 254 #xyz tv3 fid bid
           7.5000000000000000e+01   2.5062500000000000e+01   8.0000000000000027e-01 #xyz tv0
           7.5000000000000000e+01   2.5349826388888889e+01   1.2000000000000004e+00 #xyz tv1
           7.2391605412121862e+01   2.6500000000000000e+01   1.6000000000000001e+00 #xyz tv2
           7.5000000000000000e+01   2.5750000000000014e+01   8.0000000000000060e-01 -1 254 #xyz tv3 fid bid
           7.5000000000000000e+01   2.5062500000000000e+01   8.0000000000000027e-01 #xyz tv0
           7.5000000000000000e+01   2.4625091552734386e+01   1.6000000000000001e+00 #xyz tv1
           7.2391605412121862e+01   2.6500000000000000e+01   1.6000000000000001e+00 #xyz tv2
           7.5000000000000000e+01   2.5349826388888889e+01   1.2000000000000004e+00 -1 254 #xyz tv3 fid bid
           7.5000000000000000e+01   2.5349826388888889e+01   1.2000000000000004e+00 #xyz tv0
           7.5000000000000000e+01   2.5062500000000000e+01   8.0000000000000027e-01 #xyz tv1
           7.5000000000000000e+01   2.5750000000000014e+01   8.0000000000000060e-01 12 -1 #xyz tv2 fid bid
           7.5000000000000000e+01   2.5349826388888889e+01   1.2000000000000004e+00 #xyz tv0
           7.5000000000000000e+01   2.5062500000000000e+01   8.0000000000000027e-01 #xyz tv1
           7.5000000000000000e+01   2.5750000000000014e+01   8.0000000000000060e-01 140 -1 #xyz tv2 fid bid
           7.5000000000000000e+01   2.5349826388888889e+01   1.2000000000000004e+00 #xyz tv0
           7.5000000000000000e+01   2.4625091552734386e+01   1.6000000000000001e+00 #xyz tv1
           7.5000000000000000e+01   2.5062500000000000e+01   8.0000000000000027e-01 12 -1 #xyz tv2 fid bid
           7.5000000000000000e+01   2.5349826388888889e+01   1.2000000000000004e+00 #xyz tv0
           7.5000000000000000e+01   2.4625091552734386e+01   1.6000000000000001e+00 #xyz tv1
           7.5000000000000000e+01   2.5062500000000000e+01   8.0000000000000027e-01 140 -1 #xyz tv2 fid bid
           7.5000000000000000e+01   2.5349826388888889e+01   1.2000000000000004e+00 #xyz ev0
           7.5000000000000000e+01   2.5062500000000000e+01   8.0000000000000027e-01 -1 254 #xyz ev1 fid bid
   0   0.000000000000e+00   0.000000000000e+00   0.000000000000e+00 #flag location
END_ERR 
G3dErrFileVersion 2018P3.1
FlagFileMetaData Begin
   Mesh Size - Setup1, Refinement, Pass #6, Freq. 5.000000e+09 :Title    
   Listing of mesh elements with small segments. :ToolTip  
   hf3d :Author   
   1701702507 :TimeStamp
FlagFileMetaData End
BEGIN_ERR 
26 Small mesh segment detected on body : Radiation_box
 Small mesh segment detected on body : Radiation_box 
 Segment Statistics - Number of Segments : 1 --- Segment length(s) : 0.564658mm. The cutoff frequency for S-Matrix Only Solve is 3.48595881395349MHz 
3 -1  12  140  # nfids, fids[]
2 254  -1  # nbids, bids[]
      5 4 1 0 #ntets ntri ned npts
           7.5000000000000000e+01   2.5284741856256808e+01   1.1928086794794024e+00 #xyz tv0
           7.5000000000000000e+01   2.4923702641301031e+01   7.5865556911054610e-01 #xyz tv1
           8.0000000000000000e+01   2.5000000000000000e+01   0.0000000000000000e+00 #xyz tv2
           7.5000000000000000e+01   2.5750000000000014e+01   8.0000000000000060e-01 -1 254 #xyz tv3 fid bid
           7.5000000000000000e+01   2.5284741856256808e+01   1.1928086794794024e+00 #xyz tv0
           8.0000000000000000e+01   2.5000000000000000e+01   0.0000000000000000e+00 #xyz tv1
           7.5000000000000000e+01   2.4923702641301031e+01   7.5865556911054610e-01 #xyz tv2
           7.5000000000000000e+01   2.4625005722045909e+01   1.6000000000000001e+00 -1 254 #xyz tv3 fid bid
           7.5000000000000000e+01   2.5284741856256808e+01   1.1928086794794024e+00 #xyz tv0
           7.3613976784853691e+01   2.6496754220819973e+01   1.2343460242952016e-15 #xyz tv1
           7.5000000000000000e+01   2.4923702641301031e+01   7.5865556911054610e-01 #xyz tv2
           7.5000000000000000e+01   2.5750000000000014e+01   8.0000000000000060e-01 -1 254 #xyz tv3 fid bid
           7.5000000000000000e+01   2.4923702641301031e+01   7.5865556911054610e-01 #xyz tv0
           7.5000000000000000e+01   2.4625005722045909e+01   1.6000000000000001e+00 #xyz tv1
           7.2470368373604373e+01   2.6500000000000000e+01   1.6000000000000001e+00 #xyz tv2
           7.5000000000000000e+01   2.5284741856256808e+01   1.1928086794794024e+00 -1 254 #xyz tv3 fid bid
           7.5000000000000000e+01   2.5284741856256808e+01   1.1928086794794024e+00 #xyz tv0
           7.5000000000000000e+01   2.4923702641301031e+01   7.5865556911054610e-01 #xyz tv1
           7.3613976784853691e+01   2.6496754220819973e+01   1.2343460242952016e-15 #xyz tv2
           7.2470368373604373e+01   2.6500000000000000e+01   1.6000000000000001e+00 -1 254 #xyz tv3 fid bid
           7.5000000000000000e+01   2.5284741856256808e+01   1.1928086794794024e+00 #xyz tv0
           7.5000000000000000e+01   2.4923702641301031e+01   7.5865556911054610e-01 #xyz tv1
           7.5000000000000000e+01   2.5750000000000014e+01   8.0000000000000060e-01 12 -1 #xyz tv2 fid bid
           7.5000000000000000e+01   2.5284741856256808e+01   1.1928086794794024e+00 #xyz tv0
           7.5000000000000000e+01   2.4923702641301031e+01   7.5865556911054610e-01 #xyz tv1
           7.5000000000000000e+01   2.5750000000000014e+01   8.0000000000000060e-01 140 -1 #xyz tv2 fid bid
           7.5000000000000000e+01   2.5284741856256808e+01   1.1928086794794024e+00 #xyz tv0
           7.5000000000000000e+01   2.4625005722045909e+01   1.6000000000000001e+00 #xyz tv1
           7.5000000000000000e+01   2.4923702641301031e+01   7.5865556911054610e-01 12 -1 #xyz tv2 fid bid
           7.5000000000000000e+01   2.5284741856256808e+01   1.1928086794794024e+00 #xyz tv0
           7.5000000000000000e+01   2.4625005722045909e+01   1.6000000000000001e+00 #xyz tv1
           7.5000000000000000e+01   2.4923702641301031e+01   7.5865556911054610e-01 140 -1 #xyz tv2 fid bid
           7.5000000000000000e+01   2.5284741856256808e+01   1.1928086794794024e+00 #xyz ev0
           7.5000000000000000e+01   2.4923702641301031e+01   7.5865556911054610e-01 -1 254 #xyz ev1 fid bid
   0   0.000000000000e+00   0.000000000000e+00   0.000000000000e+00 #flag location
END_ERR 
G3dErrFileVersion 2018P3.1
FlagFileMetaData Begin
   Mesh Size - Setup1, Refinement, Pass #1, Freq. 5.000000e+09 :Title    
   Listing of mesh elements with small segments. :ToolTip  
   hf3d :Author   
   1701706281 :TimeStamp
FlagFileMetaData End
BEGIN_ERR 
26 Small mesh segment detected on body : Radiation_box
 Small mesh segment detected on body : Radiation_box 
 Segment Statistics - Number of Segments : 1 --- Segment length(s) : 0.507599mm. The cutoff frequency for S-Matrix Only Solve is 3.48595881395349MHz 
3 -1  12  140  # nfids, fids[]
2 254  -1  # nbids, bids[]
      4 4 1 0 #ntets ntri ned npts
           7.5000000000000000e+01   2.5375000000000000e+01   1.2000000000000004e+00 #xyz tv0
           7.5000000000000000e+01   2.5062500000000000e+01   8.0000000000000027e-01 #xyz tv1
           8.0000000000000000e+01   2.5000000000000000e+01   0.0000000000000000e+00 #xyz tv2
           7.5000000000000000e+01   2.5750000000000004e+01   8.0000000000000060e-01 -1 254 #xyz tv3 fid bid
           7.5000000000000000e+01   2.5375000000000000e+01   1.2000000000000004e+00 #xyz tv0
           7.2656250000000000e+01   2.3500000000000000e+01   1.6000000000000001e+00 #xyz tv1
           7.5000000000000000e+01   2.5062500000000000e+01   8.0000000000000027e-01 #xyz tv2
           7.5000000000000000e+01   2.5750000000000004e+01   8.0000000000000060e-01 -1 254 #xyz tv3 fid bid
           7.5000000000000000e+01   2.5375000000000000e+01   1.2000000000000004e+00 #xyz tv0
           8.0000000000000000e+01   2.5000000000000000e+01   0.0000000000000000e+00 #xyz tv1
           7.5000000000000000e+01   2.5062500000000000e+01   8.0000000000000027e-01 #xyz tv2
           7.5000000000000000e+01   2.5000000000000000e+01   1.6000000000000001e+00 -1 254 #xyz tv3 fid bid
           7.5000000000000000e+01   2.5375000000000000e+01   1.2000000000000004e+00 #xyz tv0
           7.5000000000000000e+01   2.5062500000000000e+01   8.0000000000000027e-01 #xyz tv1
           7.2656250000000000e+01   2.3500000000000000e+01   1.6000000000000001e+00 #xyz tv2
           7.5000000000000000e+01   2.5000000000000000e+01   1.6000000000000001e+00 -1 254 #xyz tv3 fid bid
           7.5000000000000000e+01   2.5375000000000000e+01   1.2000000000000004e+00 #xyz tv0
           7.5000000000000000e+01   2.5062500000000000e+01   8.0000000000000027e-01 #xyz tv1
           7.5000000000000000e+01   2.5750000000000004e+01   8.0000000000000060e-01 12 -1 #xyz tv2 fid bid
           7.5000000000000000e+01   2.5375000000000000e+01   1.2000000000000004e+00 #xyz tv0
           7.5000000000000000e+01   2.5062500000000000e+01   8.0000000000000027e-01 #xyz tv1
           7.5000000000000000e+01   2.5750000000000004e+01   8.0000000000000060e-01 140 -1 #xyz tv2 fid bid
           7.5000000000000000e+01   2.5375000000000000e+01   1.2000000000000004e+00 #xyz tv0
           7.5000000000000000e+01   2.5000000000000000e+01   1.6000000000000001e+00 #xyz tv1
           7.5000000000000000e+01   2.5062500000000000e+01   8.0000000000000027e-01 12 -1 #xyz tv2 fid bid
           7.5000000000000000e+01   2.5375000000000000e+01   1.2000000000000004e+00 #xyz tv0
           7.5000000000000000e+01   2.5000000000000000e+01   1.6000000000000001e+00 #xyz tv1
           7.5000000000000000e+01   2.5062500000000000e+01   8.0000000000000027e-01 140 -1 #xyz tv2 fid bid
           7.5000000000000000e+01   2.5375000000000000e+01   1.2000000000000004e+00 #xyz ev0
           7.5000000000000000e+01   2.5062500000000000e+01   8.0000000000000027e-01 -1 254 #xyz ev1 fid bid
   0   0.000000000000e+00   0.000000000000e+00   0.000000000000e+00 #flag location
END_ERR 
G3dErrFileVersion 2018P3.1
FlagFileMetaData Begin
   Mesh Size - Setup1, Refinement, Pass #2, Freq. 5.000000e+09 :Title    
   Listing of mesh elements with small segments. :ToolTip  
   hf3d :Author   
   1701706283 :TimeStamp
FlagFileMetaData End
BEGIN_ERR 
26 Small mesh segment detected on body : Radiation_box
 Small mesh segment detected on body : Radiation_box 
 Segment Statistics - Number of Segments : 1 --- Segment length(s) : 0.475294mm. The cutoff frequency for S-Matrix Only Solve is 3.48595881395349MHz 
3 -1  12  140  # nfids, fids[]
2 254  -1  # nbids, bids[]
      4 4 1 0 #ntets ntri ned npts
           7.5000000000000000e+01   2.5432128906250000e+01   1.1307889845844921e-15 #xyz tv0
           7.5000000000000000e+01   2.6117097200621302e+01   8.0681942386831351e-01 #xyz tv1
           8.0000000000000000e+01   2.5000000000000000e+01   0.0000000000000000e+00 #xyz tv2
           7.5000000000000000e+01   2.5643315972222222e+01   8.4471111111111175e-01 -1 254 #xyz tv3 fid bid
           7.5000000000000000e+01   2.5662109375000004e+01   1.6000000000000001e+00 #xyz tv0
           8.0000000000000000e+01   2.5000000000000000e+01   0.0000000000000000e+00 #xyz tv1
           7.5000000000000000e+01   2.6117097200621302e+01   8.0681942386831351e-01 #xyz tv2
           7.5000000000000000e+01   2.5643315972222222e+01   8.4471111111111175e-01 -1 254 #xyz tv3 fid bid
           7.2656250000000000e+01   2.3500000000000000e+01   1.6000000000000001e+00 #xyz tv0
           7.5000000000000000e+01   2.6117097200621302e+01   8.0681942386831351e-01 #xyz tv1
           7.5000000000000000e+01   2.5432128906250000e+01   1.1307889845844921e-15 #xyz tv2
           7.5000000000000000e+01   2.5643315972222222e+01   8.4471111111111175e-01 -1 254 #xyz tv3 fid bid
           7.2656250000000000e+01   2.3500000000000000e+01   1.6000000000000001e+00 #xyz tv0
           7.5000000000000000e+01   2.5662109375000004e+01   1.6000000000000001e+00 #xyz tv1
           7.5000000000000000e+01   2.6117097200621302e+01   8.0681942386831351e-01 #xyz tv2
           7.5000000000000000e+01   2.5643315972222222e+01   8.4471111111111175e-01 -1 254 #xyz tv3 fid bid
           7.5000000000000000e+01   2.6117097200621302e+01   8.0681942386831351e-01 #xyz tv0
           7.5000000000000000e+01   2.5662109375000004e+01   1.6000000000000001e+00 #xyz tv1
           7.5000000000000000e+01   2.5643315972222222e+01   8.4471111111111175e-01 12 -1 #xyz tv2 fid bid
           7.5000000000000000e+01   2.6117097200621302e+01   8.0681942386831351e-01 #xyz tv0
           7.5000000000000000e+01   2.5662109375000004e+01   1.6000000000000001e+00 #xyz tv1
           7.5000000000000000e+01   2.5643315972222222e+01   8.4471111111111175e-01 140 -1 #xyz tv2 fid bid
           7.5000000000000000e+01   2.5432128906250000e+01   1.1307889845844921e-15 #xyz tv0
           7.5000000000000000e+01   2.6117097200621302e+01   8.0681942386831351e-01 #xyz tv1
           7.5000000000000000e+01   2.5643315972222222e+01   8.4471111111111175e-01 12 -1 #xyz tv2 fid bid
           7.5000000000000000e+01   2.5432128906250000e+01   1.1307889845844921e-15 #xyz tv0
           7.5000000000000000e+01   2.6117097200621302e+01   8.0681942386831351e-01 #xyz tv1
           7.5000000000000000e+01   2.5643315972222222e+01   8.4471111111111175e-01 140 -1 #xyz tv2 fid bid
           7.5000000000000000e+01   2.5643315972222222e+01   8.4471111111111175e-01 #xyz ev0
           7.5000000000000000e+01   2.6117097200621302e+01   8.0681942386831351e-01 -1 254 #xyz ev1 fid bid
   0   0.000000000000e+00   0.000000000000e+00   0.000000000000e+00 #flag location
END_ERR 
G3dErrFileVersion 2018P3.1
FlagFileMetaData Begin
   Mesh Size - Setup1, Refinement, Pass #3, Freq. 5.000000e+09 :Title    
   Listing of mesh elements with small segments. :ToolTip  
   hf3d :Author   
   1701706285 :TimeStamp
FlagFileMetaData End
BEGIN_ERR 
26 Small mesh segment detected on body : Radiation_box
 Small mesh segment detected on body : Radiation_box 
 Segment Statistics - Number of Segments : 1 --- Segment length(s) : 0.450630mm. The cutoff frequency for S-Matrix Only Solve is 3.48595881395349MHz 
3 -1  12  140  # nfids, fids[]
2 254  -1  # nbids, bids[]
      5 4 1 0 #ntets ntri ned npts
           7.5000000000000000e+01   2.5062500000000000e+01   8.0000000000000027e-01 #xyz tv0
           7.6873634721985326e+01   2.5941489953656799e+01   2.2440526593808743e+00 #xyz tv1
           7.5000000000000000e+01   2.4581581115722656e+01   1.6000000000000001e+00 #xyz tv2
           7.5000000000000000e+01   2.5239397446493868e+01   1.2144567416806384e+00 -1 254 #xyz tv3 fid bid
           7.5000000000000000e+01   2.5062500000000000e+01   8.0000000000000027e-01 #xyz tv0
           7.3828125000000043e+01   2.3500000000000000e+01   1.6000000000000001e+00 #xyz tv1
           7.5000000000000000e+01   2.5239397446493868e+01   1.2144567416806384e+00 #xyz tv2
           7.5000000000000000e+01   2.4581581115722656e+01   1.6000000000000001e+00 -1 254 #xyz tv3 fid bid
           7.5000000000000000e+01   2.5062500000000000e+01   8.0000000000000027e-01 #xyz tv0
           7.5000000000000000e+01   2.5563547727703273e+01   8.6641090315500735e-01 #xyz tv1
           7.6873634721985326e+01   2.5941489953656799e+01   2.2440526593808743e+00 #xyz tv2
           7.5000000000000000e+01   2.5239397446493868e+01   1.2144567416806384e+00 -1 254 #xyz tv3 fid bid
           7.5000000000000000e+01   2.5062500000000000e+01   8.0000000000000027e-01 #xyz tv0
           7.5000000000000000e+01   2.5239397446493868e+01   1.2144567416806384e+00 #xyz tv1
           7.3828125000000043e+01   2.3500000000000000e+01   1.6000000000000001e+00 #xyz tv2
           7.2656250000000000e+01   2.3500000000000000e+01   1.6000000000000001e+00 -1 254 #xyz tv3 fid bid
           7.5000000000000000e+01   2.5239397446493868e+01   1.2144567416806384e+00 #xyz tv0
           7.2656250000000000e+01   2.3500000000000000e+01   1.6000000000000001e+00 #xyz tv1
           7.5000000000000000e+01   2.5062500000000000e+01   8.0000000000000027e-01 #xyz tv2
           7.5000000000000000e+01   2.5563547727703273e+01   8.6641090315500735e-01 -1 254 #xyz tv3 fid bid
