G3dErrFileVersion 2018P3.1
FlagFileMetaData Begin
   Mesh Size - Setup1, Refinement, Pass #1, Freq. 5.000000e+09 :Title    
   Listing of mesh elements with small segments. :ToolTip  
   hf3d :Author   
   1702027250 :TimeStamp
FlagFileMetaData End
BEGIN_ERR 
26 Small mesh segment detected on body : Radiation_box
 Small mesh segment detected on body : Radiation_box 
 Segment Statistics - Number of Segments : 1 --- Segment length(s) : 0.750000mm. The cutoff frequency for S-Matrix Only Solve is 2.99792458MHz 
5 -1  7  96  10  722  # nfids, fids[]
2 34  -1  # nbids, bids[]
      6 4 1 0 #ntets ntri ned npts
           0.0000000000000000e+00   2.5750000000000004e+01   1.6000000000000001e+00 #xyz tv0
           2.3437500000000000e+00   2.3500000000000000e+01   1.6000000000000001e+00 #xyz tv1
           5.3700973166861123e+00   2.5947460446667023e+01   7.0000000000000018e+00 #xyz tv2
           0.0000000000000000e+00   2.6500000000000000e+01   1.6000000000000001e+00 -1 34 #xyz tv3 fid bid
           0.0000000000000000e+00   2.5750000000000004e+01   1.6000000000000001e+00 #xyz tv0
           5.3700973166861123e+00   2.5947460446667023e+01   7.0000000000000018e+00 #xyz tv1
          -5.0000000000000000e+00   2.5000000000000000e+01   7.0000000000000009e+00 #xyz tv2
           0.0000000000000000e+00   2.6500000000000000e+01   1.6000000000000001e+00 -1 34 #xyz tv3 fid bid
           0.0000000000000000e+00   2.5750000000000004e+01   1.6000000000000001e+00 #xyz tv0
           4.5924254968025693e-17   2.5750000000000004e+01   8.0000000000000027e-01 #xyz tv1
           2.3437500000000000e+00   2.3500000000000000e+01   1.6000000000000001e+00 #xyz tv2
           0.0000000000000000e+00   2.6500000000000000e+01   1.6000000000000001e+00 -1 34 #xyz tv3 fid bid
           0.0000000000000000e+00   2.5750000000000004e+01   1.6000000000000001e+00 #xyz tv0
          -5.0000000000000000e+00   2.5000000000000000e+01   7.0000000000000009e+00 #xyz tv1
          -5.0000000000000000e+00   2.5000000000000000e+01   3.4578993055555567e+00 #xyz tv2
           0.0000000000000000e+00   2.6500000000000000e+01   1.6000000000000001e+00 -1 34 #xyz tv3 fid bid
           0.0000000000000000e+00   2.5750000000000004e+01   1.6000000000000001e+00 #xyz tv0
          -2.6388888888888893e+00   2.5000000000000000e+01   8.0000000000000016e-01 #xyz tv1
           4.5924254968025693e-17   2.5750000000000004e+01   8.0000000000000027e-01 #xyz tv2
           0.0000000000000000e+00   2.6500000000000000e+01   1.6000000000000001e+00 -1 34 #xyz tv3 fid bid
           0.0000000000000000e+00   2.5750000000000004e+01   1.6000000000000001e+00 #xyz tv0
          -5.0000000000000000e+00   2.5000000000000000e+01   3.4578993055555567e+00 #xyz tv1
          -2.6388888888888893e+00   2.5000000000000000e+01   8.0000000000000016e-01 #xyz tv2
           0.0000000000000000e+00   2.6500000000000000e+01   1.6000000000000001e+00 -1 34 #xyz tv3 fid bid
           0.0000000000000000e+00   2.5750000000000004e+01   1.6000000000000001e+00 #xyz tv0
           2.3437500000000000e+00   2.3500000000000000e+01   1.6000000000000001e+00 #xyz tv1
           0.0000000000000000e+00   2.6500000000000000e+01   1.6000000000000001e+00 7 -1 #xyz tv2 fid bid
           0.0000000000000000e+00   2.5750000000000004e+01   1.6000000000000001e+00 #xyz tv0
           2.3437500000000000e+00   2.3500000000000000e+01   1.6000000000000001e+00 #xyz tv1
           0.0000000000000000e+00   2.6500000000000000e+01   1.6000000000000001e+00 96 -1 #xyz tv2 fid bid
           0.0000000000000000e+00   2.5750000000000004e+01   1.6000000000000001e+00 #xyz tv0
           0.0000000000000000e+00   2.6500000000000000e+01   1.6000000000000001e+00 #xyz tv1
           4.5924254968025693e-17   2.5750000000000004e+01   8.0000000000000027e-01 10 -1 #xyz tv2 fid bid
           0.0000000000000000e+00   2.5750000000000004e+01   1.6000000000000001e+00 #xyz tv0
           0.0000000000000000e+00   2.6500000000000000e+01   1.6000000000000001e+00 #xyz tv1
           4.5924254968025693e-17   2.5750000000000004e+01   8.0000000000000027e-01 722 -1 #xyz tv2 fid bid
           0.0000000000000000e+00   2.6500000000000000e+01   1.6000000000000001e+00 #xyz ev0
           0.0000000000000000e+00   2.5750000000000004e+01   1.6000000000000001e+00 -1 34 #xyz ev1 fid bid
   0   0.000000000000e+00   0.000000000000e+00   0.000000000000e+00 #flag location
END_ERR 
G3dErrFileVersion 2018P3.1
FlagFileMetaData Begin
   Mesh Size - Setup1, Refinement, Pass #2, Freq. 5.000000e+09 :Title    
   Listing of mesh elements with small segments. :ToolTip  
   hf3d :Author   
   1702027253 :TimeStamp
FlagFileMetaData End
BEGIN_ERR 
26 Small mesh segment detected on body : Radiation_box
 Small mesh segment detected on body : Radiation_box 
 Segment Statistics - Number of Segments : 1 --- Segment length(s) : 0.805821mm. The cutoff frequency for S-Matrix Only Solve is 2.99792458MHz 
3 -1  12  734  # nfids, fids[]
2 34  -1  # nbids, bids[]
      4 4 1 0 #ntets ntri ned npts
           7.5000000000000000e+01   2.6500000000000000e+01   1.6000000000000001e+00 #xyz tv0
           7.5000000000000000e+01   2.5653320312500004e+01   1.6000000000000001e+00 #xyz tv1
           8.2578992514074599e+01   2.5799514259215702e+01  -3.0000000000000000e+00 #xyz tv2
           7.5000000000000000e+01   2.5750000000000007e+01   8.0000000000000038e-01 -1 34 #xyz tv3 fid bid
           7.2656250000000000e+01   2.6500000000000000e+01   1.6000000000000001e+00 #xyz tv0
           7.5000000000000000e+01   2.5750000000000007e+01   8.0000000000000038e-01 #xyz tv1
           7.5000000000000000e+01   2.5653320312500004e+01   1.6000000000000001e+00 #xyz tv2
           7.5000000000000000e+01   2.6500000000000000e+01   1.6000000000000001e+00 -1 34 #xyz tv3 fid bid
           8.2578992514074599e+01   2.5799514259215702e+01  -3.0000000000000000e+00 #xyz tv0
           7.5000000000000000e+01   2.5653320312500004e+01   1.6000000000000001e+00 #xyz tv1
           7.5000000000000000e+01   2.4707031250000000e+01   1.6000000000000001e+00 #xyz tv2
           7.5000000000000000e+01   2.5750000000000007e+01   8.0000000000000038e-01 -1 34 #xyz tv3 fid bid
           7.5000000000000000e+01   2.5750000000000007e+01   8.0000000000000038e-01 #xyz tv0
           7.5000000000000000e+01   2.4707031250000000e+01   1.6000000000000001e+00 #xyz tv1
           7.2656250000000000e+01   2.6500000000000000e+01   1.6000000000000001e+00 #xyz tv2
           7.5000000000000000e+01   2.5653320312500004e+01   1.6000000000000001e+00 -1 34 #xyz tv3 fid bid
           7.5000000000000000e+01   2.5653320312500004e+01   1.6000000000000001e+00 #xyz tv0
           7.5000000000000000e+01   2.4707031250000000e+01   1.6000000000000001e+00 #xyz tv1
           7.5000000000000000e+01   2.5750000000000007e+01   8.0000000000000038e-01 12 -1 #xyz tv2 fid bid
           7.5000000000000000e+01   2.5653320312500004e+01   1.6000000000000001e+00 #xyz tv0
           7.5000000000000000e+01   2.4707031250000000e+01   1.6000000000000001e+00 #xyz tv1
           7.5000000000000000e+01   2.5750000000000007e+01   8.0000000000000038e-01 734 -1 #xyz tv2 fid bid
           7.5000000000000000e+01   2.5653320312500004e+01   1.6000000000000001e+00 #xyz tv0
           7.5000000000000000e+01   2.5750000000000007e+01   8.0000000000000038e-01 #xyz tv1
           7.5000000000000000e+01   2.6500000000000000e+01   1.6000000000000001e+00 12 -1 #xyz tv2 fid bid
           7.5000000000000000e+01   2.5653320312500004e+01   1.6000000000000001e+00 #xyz tv0
           7.5000000000000000e+01   2.5750000000000007e+01   8.0000000000000038e-01 #xyz tv1
           7.5000000000000000e+01   2.6500000000000000e+01   1.6000000000000001e+00 734 -1 #xyz tv2 fid bid
           7.5000000000000000e+01   2.5750000000000007e+01   8.0000000000000038e-01 #xyz ev0
           7.5000000000000000e+01   2.5653320312500004e+01   1.6000000000000001e+00 -1 34 #xyz ev1 fid bid
   0   0.000000000000e+00   0.000000000000e+00   0.000000000000e+00 #flag location
END_ERR 
G3dErrFileVersion 2018P3.1
FlagFileMetaData Begin
   Mesh Size - Setup1, Refinement, Pass #3, Freq. 5.000000e+09 :Title    
   Listing of mesh elements with small segments. :ToolTip  
   hf3d :Author   
   1702027255 :TimeStamp
FlagFileMetaData End
BEGIN_ERR 
26 Small mesh segment detected on body : Radiation_box
 Small mesh segment detected on body : Radiation_box 
 Segment Statistics - Number of Segments : 1 --- Segment length(s) : 0.781336mm. The cutoff frequency for S-Matrix Only Solve is 2.99792458MHz 
1 -1  # nfids, fids[]
1 34  # nbids, bids[]
      4 0 1 0 #ntets ntri ned npts
           2.4500000000000000e+01   3.4750000000000000e+01   0.0000000000000000e+00 #xyz tv0
           2.5832204005066057e+01   3.6899369193599142e+01  -6.9999999999999996e-01 #xyz tv1
           2.7530658045059781e+01   3.6111836043219540e+01  -1.1141826923076923e+00 #xyz tv2
           2.5500000000000004e+01   3.7000000000000000e+01   0.0000000000000000e+00 -1 34 #xyz tv3 fid bid
           2.5832204005066057e+01   3.6899369193599142e+01  -6.9999999999999996e-01 #xyz tv0
           2.5500000000000004e+01   3.7000000000000000e+01   0.0000000000000000e+00 #xyz tv1
           2.7500000000000000e+01   3.8000000000000000e+01   0.0000000000000000e+00 #xyz tv2
           2.7530658045059781e+01   3.6111836043219540e+01  -1.1141826923076923e+00 -1 34 #xyz tv3 fid bid
           2.4500000000000000e+01   3.8000000000000000e+01   0.0000000000000000e+00 #xyz tv0
           2.5832204005066057e+01   3.6899369193599142e+01  -6.9999999999999996e-01 #xyz tv1
           2.4500000000000000e+01   3.4750000000000000e+01   0.0000000000000000e+00 #xyz tv2
           2.5500000000000004e+01   3.7000000000000000e+01   0.0000000000000000e+00 -1 34 #xyz tv3 fid bid
           2.5832204005066057e+01   3.6899369193599142e+01  -6.9999999999999996e-01 #xyz tv0
           2.7500000000000000e+01   3.8000000000000000e+01   0.0000000000000000e+00 #xyz tv1
           2.5500000000000004e+01   3.7000000000000000e+01   0.0000000000000000e+00 #xyz tv2
           2.4500000000000000e+01   3.8000000000000000e+01   0.0000000000000000e+00 -1 34 #xyz tv3 fid bid
           2.5500000000000004e+01   3.7000000000000000e+01   0.0000000000000000e+00 #xyz ev0
           2.5832204005066057e+01   3.6899369193599142e+01  -6.9999999999999996e-01 -1 34 #xyz ev1 fid bid
   0   0.000000000000e+00   0.000000000000e+00   0.000000000000e+00 #flag location
END_ERR 
G3dErrFileVersion 2018P3.1
FlagFileMetaData Begin
   Mesh Size - Setup1, Refinement, Pass #4, Freq. 5.000000e+09 :Title    
   Listing of mesh elements with small segments. :ToolTip  
   hf3d :Author   
   1702027258 :TimeStamp
FlagFileMetaData End
BEGIN_ERR 
26 Small mesh segment detected on body : Substrate
 Small mesh segment detected on body : Substrate 
 Segment Statistics - Number of Segments : 1 --- Segment length(s) : 0.759884mm. The cutoff frequency for S-Matrix Only Solve is 2.99792458MHz 
1 -1  # nfids, fids[]
1 6  # nbids, bids[]
      6 0 1 0 #ntets ntri ned npts
           5.0500000000000000e+01   2.5000000000000000e+01   0.0000000000000000e+00 #xyz tv0
           4.9632170588094183e+01   2.1747296529454040e+01   7.4545454545454548e-01 #xyz tv1
           4.9500000000000000e+01   2.1812500000000004e+01   0.0000000000000000e+00 #xyz tv2
           4.9500000000000000e+01   2.4953125000000000e+01   0.0000000000000000e+00 -1 6 #xyz tv3 fid bid
           5.0500000000000000e+01   2.5000000000000000e+01   0.0000000000000000e+00 #xyz tv0
           4.9500000000000000e+01   2.1812500000000004e+01   0.0000000000000000e+00 #xyz tv1
           4.9632170588094183e+01   2.1747296529454040e+01   7.4545454545454548e-01 #xyz tv2
           5.0500000000000000e+01   2.1750000000000007e+01   0.0000000000000000e+00 -1 6 #xyz tv3 fid bid
           4.6875000000000000e+01   2.3500000000000000e+01   1.6000000000000001e+00 #xyz tv0
           4.9500000000000000e+01   2.4953125000000000e+01   0.0000000000000000e+00 #xyz tv1
           4.9500000000000000e+01   2.1812500000000004e+01   0.0000000000000000e+00 #xyz tv2
           4.9632170588094183e+01   2.1747296529454040e+01   7.4545454545454548e-01 -1 6 #xyz tv3 fid bid
           4.9500000000000000e+01   2.1812500000000004e+01   0.0000000000000000e+00 #xyz tv0
           4.9632170588094183e+01   2.1747296529454040e+01   7.4545454545454548e-01 #xyz tv1
           5.0500000000000000e+01   2.1750000000000007e+01   0.0000000000000000e+00 #xyz tv2
           4.9500000000000000e+01   1.7828125000000004e+01   0.0000000000000000e+00 -1 6 #xyz tv3 fid bid
           4.6875000000000000e+01   2.3500000000000000e+01   1.6000000000000001e+00 #xyz tv0
           4.9632170588094183e+01   2.1747296529454040e+01   7.4545454545454548e-01 #xyz tv1
           4.9500000000000000e+01   2.1812500000000004e+01   0.0000000000000000e+00 #xyz tv2
           4.6206713579798432e+01   2.1024422952245889e+01   0.0000000000000000e+00 -1 6 #xyz tv3 fid bid
           4.9500000000000000e+01   2.1812500000000004e+01   0.0000000000000000e+00 #xyz tv0
           4.6206713579798432e+01   2.1024422952245889e+01   0.0000000000000000e+00 #xyz tv1
           4.9632170588094183e+01   2.1747296529454040e+01   7.4545454545454548e-01 #xyz tv2
           4.9500000000000000e+01   1.7828125000000004e+01   0.0000000000000000e+00 -1 6 #xyz tv3 fid bid
           4.9632170588094183e+01   2.1747296529454040e+01   7.4545454545454548e-01 #xyz ev0
           4.9500000000000000e+01   2.1812500000000004e+01   0.0000000000000000e+00 -1 6 #xyz ev1 fid bid
   0   0.000000000000e+00   0.000000000000e+00   0.000000000000e+00 #flag location
END_ERR 
G3dErrFileVersion 2018P3.1
FlagFileMetaData Begin
   Mesh Size - Setup1, Refinement, Pass #5, Freq. 5.000000e+09 :Title    
   Listing of mesh elements with small segments. :ToolTip  
   hf3d :Author   
   1702027260 :TimeStamp
FlagFileMetaData End
BEGIN_ERR 
26 Small mesh segment detected on body : Substrate
 Small mesh segment detected on body : Substrate 
 Segment Statistics - Number of Segments : 1 --- Segment length(s) : 0.684068mm. The cutoff frequency for S-Matrix Only Solve is 2.99792458MHz 
1 -1  # nfids, fids[]
1 6  # nbids, bids[]
      5 0 1 0 #ntets ntri ned npts
           1.8887707399018218e+01   2.9255155978355791e+01   9.2000000000000004e-01 #xyz tv0
           1.8834699874137591e+01   2.9202818952641579e+01   1.6000000000000001e+00 #xyz tv1
           2.0398521423339844e+01   2.6500000000000000e+01   1.6000000000000001e+00 #xyz tv2
           1.7953491210937504e+01   2.6500000000000000e+01   1.6000000000000001e+00 -1 6 #xyz tv3 fid bid
           1.8887707399018218e+01   2.9255155978355791e+01   9.2000000000000004e-01 #xyz tv0
           2.0398521423339844e+01   2.6500000000000000e+01   1.6000000000000001e+00 #xyz tv1
           1.8834699874137591e+01   2.9202818952641579e+01   1.6000000000000001e+00 #xyz tv2
           2.0976186689366919e+01   2.9569678307854481e+01   1.6000000000000001e+00 -1 6 #xyz tv3 fid bid
           1.8834699874137591e+01   2.9202818952641579e+01   1.6000000000000001e+00 #xyz tv0
           1.7953491210937504e+01   2.6500000000000000e+01   1.6000000000000001e+00 #xyz tv1
           1.8887707399018218e+01   2.9255155978355791e+01   9.2000000000000004e-01 #xyz tv2
           1.6740361376223518e+01   2.9388177312580364e+01   1.6000000000000001e+00 -1 6 #xyz tv3 fid bid
           1.8834699874137591e+01   2.9202818952641579e+01   1.6000000000000001e+00 #xyz tv0
           1.8603099968720151e+01   3.1078915052675317e+01   1.6000000000000001e+00 #xyz tv1
           1.8887707399018218e+01   2.9255155978355791e+01   9.2000000000000004e-01 #xyz tv2
           2.0976186689366919e+01   2.9569678307854481e+01   1.6000000000000001e+00 -1 6 #xyz tv3 fid bid
           1.8834699874137591e+01   2.9202818952641579e+01   1.6000000000000001e+00 #xyz tv0
           1.8887707399018218e+01   2.9255155978355791e+01   9.2000000000000004e-01 #xyz tv1
           1.8603099968720151e+01   3.1078915052675317e+01   1.6000000000000001e+00 #xyz tv2
           1.6740361376223518e+01   2.9388177312580364e+01   1.6000000000000001e+00 -1 6 #xyz tv3 fid bid
           1.8887707399018218e+01   2.9255155978355791e+01   9.2000000000000004e-01 #xyz ev0
           1.8834699874137591e+01   2.9202818952641579e+01   1.6000000000000001e+00 -1 6 #xyz ev1 fid bid
   0   0.000000000000e+00   0.000000000000e+00   0.000000000000e+00 #flag location
END_ERR 
G3dErrFileVersion 2018P3.1
FlagFileMetaData Begin
   Mesh Size - Setup1, Refinement, Pass #6, Freq. 5.000000e+09 :Title    
   Listing of mesh elements with small segments. :ToolTip  
   hf3d :Author   
   1702027263 :TimeStamp
FlagFileMetaData End
BEGIN_ERR 
26 Small mesh segment detected on body : Substrate
 Small mesh segment detected on body : Substrate 
 Segment Statistics - Number of Segments : 1 --- Segment length(s) : 0.457321mm. The cutoff frequency for S-Matrix Only Solve is 2.99792458MHz 
1 -1  # nfids, fids[]
1 6  # nbids, bids[]
      6 0 1 0 #ntets ntri ned npts
           2.4500000000000000e+01   1.6875000000000000e+01   0.0000000000000000e+00 #xyz tv0
           2.4272496246015528e+01   1.8649224601767116e+01   1.6000000000000001e+00 #xyz tv1
           2.6188037445930703e+01   1.6885464204019183e+01   1.6000000000000001e+00 #xyz tv2
           2.4206478282270059e+01   1.6922231221125404e+01   3.4750004944977941e-01 -1 6 #xyz tv3 fid bid
           2.4206478282270059e+01   1.6922231221125404e+01   3.4750004944977941e-01 #xyz tv0
           2.4500000000000000e+01   1.6875000000000000e+01   0.0000000000000000e+00 #xyz tv1
           2.5440848672198840e+01   1.5457242082466415e+01   7.1172565829566992e-01 #xyz tv2
           2.6188037445930703e+01   1.6885464204019183e+01   1.6000000000000001e+00 -1 6 #xyz tv3 fid bid
           2.2168958910071957e+01   1.9357237756739600e+01   2.3911038819713513e-17 #xyz tv0
           2.4272496246015528e+01   1.8649224601767116e+01   1.6000000000000001e+00 #xyz tv1
           2.4500000000000000e+01   1.6875000000000000e+01   0.0000000000000000e+00 #xyz tv2
           2.4206478282270059e+01   1.6922231221125404e+01   3.4750004944977941e-01 -1 6 #xyz tv3 fid bid
           2.4206478282270059e+01   1.6922231221125404e+01   3.4750004944977941e-01 #xyz tv0
           2.5440848672198840e+01   1.5457242082466415e+01   7.1172565829566992e-01 #xyz tv1
           2.4500000000000000e+01   1.6875000000000000e+01   0.0000000000000000e+00 #xyz tv2
           2.4500000000000000e+01   1.5250000000000000e+01   0.0000000000000000e+00 -1 6 #xyz tv3 fid bid
           2.4206478282270059e+01   1.6922231221125404e+01   3.4750004944977941e-01 #xyz tv0
           2.2168958910071957e+01   1.9357237756739600e+01   2.3911038819713513e-17 #xyz tv1
           1.9537917968491559e+01   1.5204959603654034e+01   1.8211278336060853e-17 #xyz tv2
           2.4500000000000000e+01   1.6875000000000000e+01   0.0000000000000000e+00 -1 6 #xyz tv3 fid bid
           2.4500000000000000e+01   1.6875000000000000e+01   0.0000000000000000e+00 #xyz tv0
           1.9537917968491559e+01   1.5204959603654034e+01   1.8211278336060853e-17 #xyz tv1
           2.4206478282270059e+01   1.6922231221125404e+01   3.4750004944977941e-01 #xyz tv2
           2.4500000000000000e+01   1.5250000000000000e+01   0.0000000000000000e+00 -1 6 #xyz tv3 fid bid
           2.4206478282270059e+01   1.6922231221125404e+01   3.4750004944977941e-01 #xyz ev0
           2.4500000000000000e+01   1.6875000000000000e+01   0.0000000000000000e+00 -1 6 #xyz ev1 fid bid
   0   0.000000000000e+00   0.000000000000e+00   0.000000000000e+00 #flag location
END_ERR 
G3dErrFileVersion 2018P3.1
FlagFileMetaData Begin
   Mesh Size - Setup1, Refinement, Pass #1, Freq. 1.000000e+09 :Title    
   Listing of mesh elements with small segments. :ToolTip  
   hf3d :Author   
   1702027415 :TimeStamp
FlagFileMetaData End
BEGIN_ERR 
26 Small mesh segment detected on body : Radiation_box
 Small mesh segment detected on body : Radiation_box 
 Segment Statistics - Number of Segments : 1 --- Segment length(s) : 0.750000mm. The cutoff frequency for S-Matrix Only Solve is 2.99792458MHz 
5 -1  7  96  10  722  # nfids, fids[]
2 34  -1  # nbids, bids[]
      6 4 1 0 #ntets ntri ned npts
           0.0000000000000000e+00   2.5750000000000004e+01   1.6000000000000001e+00 #xyz tv0
           4.5000000000000000e+01   2.5000000000000000e+01   7.0000000000000009e+00 #xyz tv1
          -5.0000000000000000e+00   6.0000000000000000e+01   7.0000000000000009e+00 #xyz tv2
           0.0000000000000000e+00   2.6500000000000000e+01   1.6000000000000001e+00 -1 34 #xyz tv3 fid bid
           0.0000000000000000e+00   2.5750000000000004e+01   1.6000000000000001e+00 #xyz tv0
          -5.0000000000000000e+00   6.0000000000000000e+01   7.0000000000000009e+00 #xyz tv1
          -1.9722222222222223e+00   2.7728124999999999e+01   1.1825000000000006e+00 #xyz tv2
           0.0000000000000000e+00   2.6500000000000000e+01   1.6000000000000001e+00 -1 34 #xyz tv3 fid bid
           0.0000000000000000e+00   2.5750000000000004e+01   1.6000000000000001e+00 #xyz tv0
           9.3750000000000000e+00   2.3500000000000000e+01   1.6000000000000001e+00 #xyz tv1
           4.5000000000000000e+01   2.5000000000000000e+01   7.0000000000000009e+00 #xyz tv2
           0.0000000000000000e+00   2.6500000000000000e+01   1.6000000000000001e+00 -1 34 #xyz tv3 fid bid
           0.0000000000000000e+00   2.5750000000000004e+01   1.6000000000000001e+00 #xyz tv0
          -1.9722222222222223e+00   2.7728124999999999e+01   1.1825000000000006e+00 #xyz tv1
           0.0000000000000000e+00   2.5750000000000004e+01   8.0000000000000004e-01 #xyz tv2
           0.0000000000000000e+00   2.6500000000000000e+01   1.6000000000000001e+00 -1 34 #xyz tv3 fid bid
           0.0000000000000000e+00   2.5750000000000004e+01   1.6000000000000001e+00 #xyz tv0
           1.2250000000000000e+01   2.3500000000000000e+01   5.1317082433770156e-47 #xyz tv1
           9.3750000000000000e+00   2.3500000000000000e+01   1.6000000000000001e+00 #xyz tv2
           0.0000000000000000e+00   2.6500000000000000e+01   1.6000000000000001e+00 -1 34 #xyz tv3 fid bid
           0.0000000000000000e+00   2.5750000000000004e+01   1.6000000000000001e+00 #xyz tv0
           0.0000000000000000e+00   2.5750000000000004e+01   8.0000000000000004e-01 #xyz tv1
           1.2250000000000000e+01   2.3500000000000000e+01   5.1317082433770156e-47 #xyz tv2
           0.0000000000000000e+00   2.6500000000000000e+01   1.6000000000000001e+00 -1 34 #xyz tv3 fid bid
           0.0000000000000000e+00   2.5750000000000004e+01   1.6000000000000001e+00 #xyz tv0
           9.3750000000000000e+00   2.3500000000000000e+01   1.6000000000000001e+00 #xyz tv1
           0.0000000000000000e+00   2.6500000000000000e+01   1.6000000000000001e+00 7 -1 #xyz tv2 fid bid
           0.0000000000000000e+00   2.5750000000000004e+01   1.6000000000000001e+00 #xyz tv0
           9.3750000000000000e+00   2.3500000000000000e+01   1.6000000000000001e+00 #xyz tv1
           0.0000000000000000e+00   2.6500000000000000e+01   1.6000000000000001e+00 96 -1 #xyz tv2 fid bid
           0.0000000000000000e+00   2.5750000000000004e+01   1.6000000000000001e+00 #xyz tv0
           0.0000000000000000e+00   2.6500000000000000e+01   1.6000000000000001e+00 #xyz tv1
           0.0000000000000000e+00   2.5750000000000004e+01   8.0000000000000004e-01 10 -1 #xyz tv2 fid bid
           0.0000000000000000e+00   2.5750000000000004e+01   1.6000000000000001e+00 #xyz tv0
           0.0000000000000000e+00   2.6500000000000000e+01   1.6000000000000001e+00 #xyz tv1
           0.0000000000000000e+00   2.5750000000000004e+01   8.0000000000000004e-01 722 -1 #xyz tv2 fid bid
           0.0000000000000000e+00   2.6500000000000000e+01   1.6000000000000001e+00 #xyz ev0
           0.0000000000000000e+00   2.5750000000000004e+01   1.6000000000000001e+00 -1 34 #xyz ev1 fid bid
   0   0.000000000000e+00   0.000000000000e+00   0.000000000000e+00 #flag location
END_ERR 
G3dErrFileVersion 2018P3.1
FlagFileMetaData Begin
   Mesh Size - Setup1, Refinement, Pass #2, Freq. 1.000000e+09 :Title    
   Listing of mesh elements with small segments. :ToolTip  
   hf3d :Author   
   1702027418 :TimeStamp
FlagFileMetaData End
BEGIN_ERR 
26 Small mesh segment detected on body : Radiation_box
 Small mesh segment detected on body : Radiation_box 
 Segment Statistics - Number of Segments : 1 --- Segment length(s) : 0.750000mm. The cutoff frequency for S-Matrix Only Solve is 2.99792458MHz 
5 -1  7  96  12  734  # nfids, fids[]
2 34  -1  # nbids, bids[]
      4 4 1 0 #ntets ntri ned npts
           7.5000000000000000e+01   2.6500000000000000e+01   1.6000000000000001e+00 #xyz tv0
           6.5625000000000000e+01   2.3500000000000000e+01   1.6000000000000001e+00 #xyz tv1
           7.0000000000000000e+01   2.5000000000000000e+01   7.0000000000000009e+00 #xyz tv2
           7.5000000000000000e+01   2.5750000000000007e+01   1.6000000000000001e+00 -1 34 #xyz tv3 fid bid
           8.0385243055555549e+01   2.7152031250000000e+01   1.2410937500000006e+00 #xyz tv0
           7.0000000000000000e+01   2.5000000000000000e+01   7.0000000000000009e+00 #xyz tv1
           7.5000000000000000e+01   2.5750000000000007e+01   1.6000000000000001e+00 #xyz tv2
           7.5000000000000000e+01   2.6500000000000000e+01   1.6000000000000001e+00 -1 34 #xyz tv3 fid bid
           7.5000000000000000e+01   2.5750000000000007e+01   8.0000000000000004e-01 #xyz tv0
           6.5625000000000000e+01   2.3500000000000000e+01   1.6000000000000001e+00 #xyz tv1
           7.5000000000000000e+01   2.6500000000000000e+01   1.6000000000000001e+00 #xyz tv2
           7.5000000000000000e+01   2.5750000000000007e+01   1.6000000000000001e+00 -1 34 #xyz tv3 fid bid
           7.5000000000000000e+01   2.5750000000000007e+01   1.6000000000000001e+00 #xyz tv0
           7.5000000000000000e+01   2.5750000000000007e+01   8.0000000000000004e-01 #xyz tv1
           8.0385243055555549e+01   2.7152031250000000e+01   1.2410937500000006e+00 #xyz tv2
           7.5000000000000000e+01   2.6500000000000000e+01   1.6000000000000001e+00 -1 34 #xyz tv3 fid bid
           7.5000000000000000e+01   2.6500000000000000e+01   1.6000000000000001e+00 #xyz tv0
           6.5625000000000000e+01   2.3500000000000000e+01   1.6000000000000001e+00 #xyz tv1
           7.5000000000000000e+01   2.5750000000000007e+01   1.6000000000000001e+00 7 -1 #xyz tv2 fid bid
           7.5000000000000000e+01   2.6500000000000000e+01   1.6000000000000001e+00 #xyz tv0
           6.5625000000000000e+01   2.3500000000000000e+01   1.6000000000000001e+00 #xyz tv1
           7.5000000000000000e+01   2.5750000000000007e+01   1.6000000000000001e+00 96 -1 #xyz tv2 fid bid
           7.5000000000000000e+01   2.5750000000000007e+01   1.6000000000000001e+00 #xyz tv0
           7.5000000000000000e+01   2.5750000000000007e+01   8.0000000000000004e-01 #xyz tv1
           7.5000000000000000e+01   2.6500000000000000e+01   1.6000000000000001e+00 12 -1 #xyz tv2 fid bid
           7.5000000000000000e+01   2.5750000000000007e+01   1.6000000000000001e+00 #xyz tv0
           7.5000000000000000e+01   2.5750000000000007e+01   8.0000000000000004e-01 #xyz tv1
           7.5000000000000000e+01   2.6500000000000000e+01   1.6000000000000001e+00 734 -1 #xyz tv2 fid bid
           7.5000000000000000e+01   2.5750000000000007e+01   1.6000000000000001e+00 #xyz ev0
           7.5000000000000000e+01   2.6500000000000000e+01   1.6000000000000001e+00 -1 34 #xyz ev1 fid bid
   0   0.000000000000e+00   0.000000000000e+00   0.000000000000e+00 #flag location
END_ERR 
G3dErrFileVersion 2018P3.1
FlagFileMetaData Begin
   Mesh Size - Setup1, Refinement, Pass #3, Freq. 1.000000e+09 :Title    
   Listing of mesh elements with small segments. :ToolTip  
   hf3d :Author   
   1702027420 :TimeStamp
FlagFileMetaData End
BEGIN_ERR 
26 Small mesh segment detected on body : Substrate
 Small mesh segment detected on body : Substrate 
 Segment Statistics - Number of Segments : 1 --- Segment length(s) : 0.727928mm. The cutoff frequency for S-Matrix Only Solve is 2.99792458MHz 
3 -1  12  734  # nfids, fids[]
2 6  -1  # nbids, bids[]
      4 4 1 0 #ntets ntri ned npts
           6.5625000000000000e+01   2.3500000000000000e+01   1.6000000000000001e+00 #xyz tv0
           7.5000000000000000e+01   2.5358154296875000e+01   3.1810491740724720e-16 #xyz tv1
           7.5000000000000000e+01   2.4408477783203125e+01   1.4075654704293069e-16 #xyz tv2
           7.5000000000000000e+01   2.4410782694606343e+01   7.2792475014697233e-01 -1 6 #xyz tv3 fid bid
           7.5000000000000000e+01   2.4410782694606343e+01   7.2792475014697233e-01 #xyz tv0
           9.5000000000000000e+01   2.5000000000000000e+01  -3.0000000000000000e+00 #xyz tv1
           7.5000000000000000e+01   2.5358154296875000e+01   3.1810491740724720e-16 #xyz tv2
           7.5000000000000000e+01   2.4408477783203125e+01   1.4075654704293069e-16 -1 6 #xyz tv3 fid bid
           7.5000000000000000e+01   2.4410782694606343e+01   7.2792475014697233e-01 #xyz tv0
           7.5000000000000000e+01   2.4408477783203125e+01   1.4075654704293069e-16 #xyz tv1
           6.5625000000000000e+01   2.3500000000000000e+01   1.6000000000000001e+00 #xyz tv2
           7.5000000000000000e+01   2.3500000000000000e+01  -1.0831602405595691e-31 -1 6 #xyz tv3 fid bid
           7.5000000000000000e+01   2.4410782694606343e+01   7.2792475014697233e-01 #xyz tv0
           9.5000000000000000e+01   2.5000000000000000e+01  -3.0000000000000000e+00 #xyz tv1
           7.5000000000000000e+01   2.4408477783203125e+01   1.4075654704293069e-16 #xyz tv2
           7.5000000000000000e+01   2.3500000000000000e+01  -1.0831602405595691e-31 -1 6 #xyz tv3 fid bid
           7.5000000000000000e+01   2.4408477783203125e+01   1.4075654704293069e-16 #xyz tv0
           7.5000000000000000e+01   2.4410782694606343e+01   7.2792475014697233e-01 #xyz tv1
           7.5000000000000000e+01   2.3500000000000000e+01  -1.0831602405595691e-31 12 -1 #xyz tv2 fid bid
           7.5000000000000000e+01   2.4408477783203125e+01   1.4075654704293069e-16 #xyz tv0
           7.5000000000000000e+01   2.4410782694606343e+01   7.2792475014697233e-01 #xyz tv1
           7.5000000000000000e+01   2.3500000000000000e+01  -1.0831602405595691e-31 734 -1 #xyz tv2 fid bid
           7.5000000000000000e+01   2.4408477783203125e+01   1.4075654704293069e-16 #xyz tv0
           7.5000000000000000e+01   2.5358154296875000e+01   3.1810491740724720e-16 #xyz tv1
           7.5000000000000000e+01   2.4410782694606343e+01   7.2792475014697233e-01 12 -1 #xyz tv2 fid bid
           7.5000000000000000e+01   2.4408477783203125e+01   1.4075654704293069e-16 #xyz tv0
           7.5000000000000000e+01   2.5358154296875000e+01   3.1810491740724720e-16 #xyz tv1
           7.5000000000000000e+01   2.4410782694606343e+01   7.2792475014697233e-01 734 -1 #xyz tv2 fid bid
           7.5000000000000000e+01   2.4408477783203125e+01   1.4075654704293069e-16 #xyz ev0
           7.5000000000000000e+01   2.4410782694606343e+01   7.2792475014697233e-01 -1 6 #xyz ev1 fid bid
   0   0.000000000000e+00   0.000000000000e+00   0.000000000000e+00 #flag location
END_ERR 
G3dErrFileVersion 2018P3.1
FlagFileMetaData Begin
   Mesh Size - Setup1, Refinement, Pass #4, Freq. 1.000000e+09 :Title    
   Listing of mesh elements with small segments. :ToolTip  
   hf3d :Author   
   1702027423 :TimeStamp
FlagFileMetaData End
BEGIN_ERR 
26 Small mesh segment detected on body : Radiation_box
 Small mesh segment detected on body : Radiation_box 
 Segment Statistics - Number of Segments : 1 --- Segment length(s) : 0.715016mm. The cutoff frequency for S-Matrix Only Solve is 2.99792458MHz 
3 -1  10  722  # nfids, fids[]
2 34  -1  # nbids, bids[]
      4 4 1 0 #ntets ntri ned npts
           0.0000000000000000e+00   2.5599487304687500e+01   1.6000000000000001e+00 #xyz tv0
           4.2372794541196021e-17   2.5697336776112884e+01   8.9171075837742531e-01 #xyz tv1
          -1.6465684369985434e+00   2.3237615032119706e+01   1.4546880745472119e+00 #xyz tv2
           0.0000000000000000e+00   2.4645507812500004e+01   1.6000000000000001e+00 -1 34 #xyz tv3 fid bid
           4.2372794541196021e-17   2.5697336776112884e+01   8.9171075837742531e-01 #xyz tv0
           0.0000000000000000e+00   2.5599487304687500e+01   1.6000000000000001e+00 #xyz tv1
           4.6875000000000000e+00   2.3500000000000000e+01   1.6000000000000001e+00 #xyz tv2
           0.0000000000000000e+00   2.4645507812500004e+01   1.6000000000000001e+00 -1 34 #xyz tv3 fid bid
           0.0000000000000000e+00   2.5599487304687500e+01   1.6000000000000001e+00 #xyz tv0
          -1.6465684369985434e+00   2.3237615032119706e+01   1.4546880745472119e+00 #xyz tv1
           4.2372794541196021e-17   2.5697336776112884e+01   8.9171075837742531e-01 #xyz tv2
           0.0000000000000000e+00   2.6500000000000000e+01   1.6000000000000001e+00 -1 34 #xyz tv3 fid bid
           0.0000000000000000e+00   2.6500000000000000e+01   1.6000000000000001e+00 #xyz tv0
           4.6875000000000000e+00   2.3500000000000000e+01   1.6000000000000001e+00 #xyz tv1
           4.2372794541196021e-17   2.5697336776112884e+01   8.9171075837742531e-01 #xyz tv2
           0.0000000000000000e+00   2.5599487304687500e+01   1.6000000000000001e+00 -1 34 #xyz tv3 fid bid
           0.0000000000000000e+00   2.5599487304687500e+01   1.6000000000000001e+00 #xyz tv0
           4.2372794541196021e-17   2.5697336776112884e+01   8.9171075837742531e-01 #xyz tv1
           0.0000000000000000e+00   2.4645507812500004e+01   1.6000000000000001e+00 10 -1 #xyz tv2 fid bid
           0.0000000000000000e+00   2.5599487304687500e+01   1.6000000000000001e+00 #xyz tv0
           4.2372794541196021e-17   2.5697336776112884e+01   8.9171075837742531e-01 #xyz tv1
           0.0000000000000000e+00   2.4645507812500004e+01   1.6000000000000001e+00 722 -1 #xyz tv2 fid bid
           0.0000000000000000e+00   2.5599487304687500e+01   1.6000000000000001e+00 #xyz tv0
           0.0000000000000000e+00   2.6500000000000000e+01   1.6000000000000001e+00 #xyz tv1
           4.2372794541196021e-17   2.5697336776112884e+01   8.9171075837742531e-01 10 -1 #xyz tv2 fid bid
           0.0000000000000000e+00   2.5599487304687500e+01   1.6000000000000001e+00 #xyz tv0
           0.0000000000000000e+00   2.6500000000000000e+01   1.6000000000000001e+00 #xyz tv1
           4.2372794541196021e-17   2.5697336776112884e+01   8.9171075837742531e-01 722 -1 #xyz tv2 fid bid
           0.0000000000000000e+00   2.5599487304687500e+01   1.6000000000000001e+00 #xyz ev0
           4.2372794541196021e-17   2.5697336776112884e+01   8.9171075837742531e-01 -1 34 #xyz ev1 fid bid
   0   0.000000000000e+00   0.000000000000e+00   0.000000000000e+00 #flag location
END_ERR 
G3dErrFileVersion 2018P3.1
FlagFileMetaData Begin
   Mesh Size - Setup1, Refinement, Pass #5, Freq. 1.000000e+09 :Title    
   Listing of mesh elements with small segments. :ToolTip  
   hf3d :Author   
   1702027425 :TimeStamp
FlagFileMetaData End
BEGIN_ERR 
26 Small mesh segment detected on body : Radiation_box
 Small mesh segment detected on body : Radiation_box 
 Segment Statistics - Number of Segments : 1 --- Segment length(s) : 0.714117mm. The cutoff frequency for S-Matrix Only Solve is 2.99792458MHz 
3 -1  12  734  # nfids, fids[]
2 34  -1  # nbids, bids[]
      4 4 1 0 #ntets ntri ned npts
           7.5000000000000000e+01   2.5653320312500007e+01   1.6000000000000001e+00 #xyz tv0
           7.5000000000000000e+01   2.5772452919611204e+01   8.9588990222438658e-01 #xyz tv1
           7.9860820388026511e+01   2.5276572040935854e+01   1.7604130044008834e+00 #xyz tv2
           7.5000000000000000e+01   2.6500000000000000e+01   1.6000000000000001e+00 -1 34 #xyz tv3 fid bid
           7.5000000000000000e+01   2.5653320312500007e+01   1.6000000000000001e+00 #xyz tv0
           7.9860820388026511e+01   2.5276572040935854e+01   1.7604130044008834e+00 #xyz tv1
           7.5000000000000000e+01   2.5772452919611204e+01   8.9588990222438658e-01 #xyz tv2
           7.5000000000000000e+01   2.4707031250000000e+01   1.6000000000000001e+00 -1 34 #xyz tv3 fid bid
           7.5000000000000000e+01   2.5772452919611204e+01   8.9588990222438658e-01 #xyz tv0
           7.5000000000000000e+01   2.5653320312500007e+01   1.6000000000000001e+00 #xyz tv1
           6.6796875000000000e+01   2.6500000000000000e+01   1.6000000000000001e+00 #xyz tv2
           7.5000000000000000e+01   2.6500000000000000e+01   1.6000000000000001e+00 -1 34 #xyz tv3 fid bid
           7.5000000000000000e+01   2.5772452919611204e+01   8.9588990222438658e-01 #xyz tv0
           7.5000000000000000e+01   2.4707031250000000e+01   1.6000000000000001e+00 #xyz tv1
           6.6796875000000000e+01   2.6500000000000000e+01   1.6000000000000001e+00 #xyz tv2
           7.5000000000000000e+01   2.5653320312500007e+01   1.6000000000000001e+00 -1 34 #xyz tv3 fid bid
           7.5000000000000000e+01   2.5653320312500007e+01   1.6000000000000001e+00 #xyz tv0
           7.5000000000000000e+01   2.4707031250000000e+01   1.6000000000000001e+00 #xyz tv1
           7.5000000000000000e+01   2.5772452919611204e+01   8.9588990222438658e-01 12 -1 #xyz tv2 fid bid
           7.5000000000000000e+01   2.5653320312500007e+01   1.6000000000000001e+00 #xyz tv0
           7.5000000000000000e+01   2.4707031250000000e+01   1.6000000000000001e+00 #xyz tv1
           7.5000000000000000e+01   2.5772452919611204e+01   8.9588990222438658e-01 734 -1 #xyz tv2 fid bid
           7.5000000000000000e+01   2.5653320312500007e+01   1.6000000000000001e+00 #xyz tv0
           7.5000000000000000e+01   2.5772452919611204e+01   8.9588990222438658e-01 #xyz tv1
           7.5000000000000000e+01   2.6500000000000000e+01   1.6000000000000001e+00 12 -1 #xyz tv2 fid bid
           7.5000000000000000e+01   2.5653320312500007e+01   1.6000000000000001e+00 #xyz tv0
           7.5000000000000000e+01   2.5772452919611204e+01   8.9588990222438658e-01 #xyz tv1
           7.5000000000000000e+01   2.6500000000000000e+01   1.6000000000000001e+00 734 -1 #xyz tv2 fid bid
           7.5000000000000000e+01   2.5772452919611204e+01   8.9588990222438658e-01 #xyz ev0
           7.5000000000000000e+01   2.5653320312500007e+01   1.6000000000000001e+00 -1 34 #xyz ev1 fid bid
   0   0.000000000000e+00   0.000000000000e+00   0.000000000000e+00 #flag location
END_ERR 
G3dErrFileVersion 2018P3.1
FlagFileMetaData Begin
   Mesh Size - Setup1, Refinement, Pass #6, Freq. 1.000000e+09 :Title    
   Listing of mesh elements with small segments. :ToolTip  
   hf3d :Author   
   1702027428 :TimeStamp
FlagFileMetaData End
BEGIN_ERR 
26 Small mesh segment detected on body : Radiation_box
 Small mesh segment detected on body : Radiation_box 
 Segment Statistics - Number of Segments : 1 --- Segment length(s) : 0.708871mm. The cutoff frequency for S-Matrix Only Solve is 2.99792458MHz 
3 -1  12  734  # nfids, fids[]
2 34  -1  # nbids, bids[]
      4 4 1 0 #ntets ntri ned npts
           7.5000000000000000e+01   2.5653320312500007e+01   1.6000000000000001e+00 #xyz tv0
           7.5000000000000000e+01   2.5773627454350223e+01   9.0141297701391598e-01 #xyz tv1
           7.9860820388026511e+01   2.5276572040935854e+01   1.7604130044008834e+00 #xyz tv2
           7.5000000000000000e+01   2.6500000000000000e+01   1.6000000000000001e+00 -1 34 #xyz tv3 fid bid
           7.5000000000000000e+01   2.5653320312500007e+01   1.6000000000000001e+00 #xyz tv0
           7.9860820388026511e+01   2.5276572040935854e+01   1.7604130044008834e+00 #xyz tv1
           7.5000000000000000e+01   2.5773627454350223e+01   9.0141297701391598e-01 #xyz tv2
           7.5000000000000000e+01   2.4707031250000000e+01   1.6000000000000001e+00 -1 34 #xyz tv3 fid bid
           7.5000000000000000e+01   2.5773627454350223e+01   9.0141297701391598e-01 #xyz tv0
