G3dErrFileVersion 2018P3.1
FlagFileMetaData Begin
   Mesh Size - Setup1, Refinement, Pass #1, Freq. 1.000000e+09 :Title    
   Listing of mesh elements with small segments. :ToolTip  
   hf3d :Author   
   1703139199 :TimeStamp
FlagFileMetaData End
BEGIN_ERR 
26 Small mesh segment detected on body : Radiation_box
 Small mesh segment detected on body : Radiation_box 
 Segment Statistics - Number of Segments : 1 --- Segment length(s) : 0.400000mm. The cutoff frequency for S-Matrix Only Solve is 2.398339664MHz 
3 -1  7  89  # nfids, fids[]
2 122  -1  # nbids, bids[]
      5 3 1 0 #ntets ntri ned npts
          -3.7500000000000000e+01  -2.5000000000000000e+01   1.6000000000000001e+00 #xyz tv0
           2.5000000000000000e+00   0.0000000000000000e+00   2.5000000000000000e+01 #xyz tv1
          -3.6199999999999996e+01  -4.9000000000000004e+00   1.6000000000000001e+00 #xyz tv2
          -3.5799999999999997e+01  -4.9000000000000004e+00   1.6000000000000001e+00 -1 122 #xyz tv3 fid bid
          -3.6199999999999996e+01  -1.5000000000000000e+00   1.6000000000000001e+00 #xyz tv0
          -3.6199999999999996e+01  -4.9000000000000004e+00   1.6000000000000001e+00 #xyz tv1
           2.5000000000000000e+00   0.0000000000000000e+00   2.5000000000000000e+01 #xyz tv2
          -3.5799999999999997e+01  -4.9000000000000004e+00   1.6000000000000001e+00 -1 122 #xyz tv3 fid bid
          -3.7500000000000000e+01  -2.5000000000000000e+01   0.0000000000000000e+00 #xyz tv0
          -3.6199999999999996e+01  -4.9000000000000004e+00   1.6000000000000001e+00 #xyz tv1
          -3.5799999999999997e+01  -4.9000000000000004e+00   1.6000000000000001e+00 #xyz tv2
          -3.7500000000000000e+01  -2.5000000000000000e+01   1.6000000000000001e+00 -1 122 #xyz tv3 fid bid
          -3.7500000000000000e+01  -2.5000000000000000e+00   2.4617278194535684e-32 #xyz tv0
          -3.6199999999999996e+01  -1.5000000000000000e+00   1.6000000000000001e+00 #xyz tv1
          -3.5799999999999997e+01  -4.9000000000000004e+00   1.6000000000000001e+00 #xyz tv2
          -3.6199999999999996e+01  -4.9000000000000004e+00   1.6000000000000001e+00 -1 122 #xyz tv3 fid bid
          -3.7500000000000000e+01  -2.5000000000000000e+00   2.4617278194535684e-32 #xyz tv0
          -3.5799999999999997e+01  -4.9000000000000004e+00   1.6000000000000001e+00 #xyz tv1
          -3.7500000000000000e+01  -2.5000000000000000e+01   0.0000000000000000e+00 #xyz tv2
          -3.6199999999999996e+01  -4.9000000000000004e+00   1.6000000000000001e+00 -1 122 #xyz tv3 fid bid
          -3.5799999999999997e+01  -4.9000000000000004e+00   1.6000000000000001e+00 #xyz tv0
          -3.6199999999999996e+01  -4.9000000000000004e+00   1.6000000000000001e+00 #xyz tv1
          -3.7500000000000000e+01  -2.5000000000000000e+01   1.6000000000000001e+00 7 -1 #xyz tv2 fid bid
          -3.5799999999999997e+01  -4.9000000000000004e+00   1.6000000000000001e+00 #xyz tv0
          -3.6199999999999996e+01  -1.5000000000000000e+00   1.6000000000000001e+00 #xyz tv1
          -3.6199999999999996e+01  -4.9000000000000004e+00   1.6000000000000001e+00 7 -1 #xyz tv2 fid bid
          -3.5799999999999997e+01  -4.9000000000000004e+00   1.6000000000000001e+00 #xyz tv0
          -3.6199999999999996e+01  -1.5000000000000000e+00   1.6000000000000001e+00 #xyz tv1
          -3.6199999999999996e+01  -4.9000000000000004e+00   1.6000000000000001e+00 89 -1 #xyz tv2 fid bid
          -3.5799999999999997e+01  -4.9000000000000004e+00   1.6000000000000001e+00 #xyz ev0
          -3.6199999999999996e+01  -4.9000000000000004e+00   1.6000000000000001e+00 -1 122 #xyz ev1 fid bid
   0   0.000000000000e+00   0.000000000000e+00   0.000000000000e+00 #flag location
END_ERR 
G3dErrFileVersion 2018P3.1
FlagFileMetaData Begin
   Mesh Size - Setup1, Refinement, Pass #2, Freq. 1.000000e+09 :Title    
   Listing of mesh elements with small segments. :ToolTip  
   hf3d :Author   
   1703139202 :TimeStamp
FlagFileMetaData End
BEGIN_ERR 
26 Small mesh segment detected on body : Substrate
 Small mesh segment detected on body : Substrate 
 Segment Statistics - Number of Segments : 1 --- Segment length(s) : 0.357640mm. The cutoff frequency for S-Matrix Only Solve is 2.398339664MHz 
1 -1  # nfids, fids[]
1 6  # nbids, bids[]
      5 0 1 0 #ntets ntri ned npts
           3.7500000000000000e+01  -7.5000000000000000e-01   1.6000000000000001e+00 #xyz tv0
           3.7174999999999997e+01  -1.3750000000000000e+00   8.0000000000000016e-01 #xyz tv1
           3.7500000000000000e+01  -1.2552362047833157e+00   8.8909739368998630e-01 #xyz tv2
           3.7500000000000000e+01  -5.3237537627648235e-01   8.0312757201646123e-01 -1 6 #xyz tv3 fid bid
           3.7500000000000000e+01  -7.5000000000000000e-01   1.6000000000000001e+00 #xyz tv0
           3.7500000000000000e+01  -1.2552362047833157e+00   8.8909739368998630e-01 #xyz tv1
           3.7174999999999997e+01  -1.3750000000000000e+00   8.0000000000000016e-01 #xyz tv2
           3.7500000000000000e+01  -1.5000000000000000e+00   1.6000000000000001e+00 -1 6 #xyz tv3 fid bid
           3.7500000000000000e+01  -1.2552362047833157e+00   8.8909739368998630e-01 #xyz tv0
           3.7174999999999997e+01  -1.3750000000000000e+00   8.0000000000000016e-01 #xyz tv1
           3.7500000000000000e+01  -1.2500000000000000e+00   2.6020852139652106e-16 #xyz tv2
           3.7500000000000000e+01  -5.3237537627648235e-01   8.0312757201646123e-01 -1 6 #xyz tv3 fid bid
           3.7500000000000000e+01  -1.2552362047833157e+00   8.8909739368998630e-01 #xyz tv0
           3.7174999999999997e+01  -1.3750000000000000e+00   8.0000000000000016e-01 #xyz tv1
           3.7500000000000000e+01  -1.5000000000000000e+00   1.6000000000000001e+00 #xyz tv2
           3.7500000000000000e+01  -2.0000000000000000e+00   8.0000000000000004e-01 -1 6 #xyz tv3 fid bid
           3.7500000000000000e+01  -1.2552362047833157e+00   8.8909739368998630e-01 #xyz tv0
           3.7500000000000000e+01  -1.2500000000000000e+00   2.6020852139652106e-16 #xyz tv1
           3.7174999999999997e+01  -1.3750000000000000e+00   8.0000000000000016e-01 #xyz tv2
           3.7500000000000000e+01  -2.0000000000000000e+00   8.0000000000000004e-01 -1 6 #xyz tv3 fid bid
           3.7500000000000000e+01  -1.2552362047833157e+00   8.8909739368998630e-01 #xyz ev0
           3.7174999999999997e+01  -1.3750000000000000e+00   8.0000000000000016e-01 -1 6 #xyz ev1 fid bid
   0   0.000000000000e+00   0.000000000000e+00   0.000000000000e+00 #flag location
END_ERR 
