G3dErrFileVersion 2018P3.1
FlagFileMetaData Begin
   Mesh Size - Setup1, Refinement, Pass #1, Freq. 1.000000e+09 :Title    
   Listing of mesh elements with small segments. :ToolTip  
   hf3d :Author   
   1701880287 :TimeStamp
FlagFileMetaData End
BEGIN_ERR 
26 Small mesh segment detected on body : Radiation_box
 Small mesh segment detected on body : Radiation_box 
 Segment Statistics - Number of Segments : 1 --- Segment length(s) : 0.400000mm. The cutoff frequency for S-Matrix Only Solve is 3.25861367391304MHz 
3 -1  12  130  # nfids, fids[]
2 132  -1  # nbids, bids[]
      5 4 1 0 #ntets ntri ned npts
           7.5000000000000000e+01   2.6500000000000000e+01   1.6000000000000001e+00 #xyz tv0
           8.4000000000000000e+01   5.7999999999999993e+01   1.6000000000000001e+00 #xyz tv1
           7.5000000000000000e+01   2.5750000000000004e+01   8.0000000000000004e-01 #xyz tv2
           7.5000000000000000e+01   2.5750000000000004e+01   1.1999999999999997e+00 -1 132 #xyz tv3 fid bid
           7.5000000000000000e+01   2.6500000000000000e+01   1.6000000000000001e+00 #xyz tv0
           7.5000000000000000e+01   2.5750000000000004e+01   8.0000000000000004e-01 #xyz tv1
           4.9500000000000000e+01   2.6000000000000011e+01   0.0000000000000000e+00 #xyz tv2
           7.5000000000000000e+01   2.5750000000000004e+01   1.1999999999999997e+00 -1 132 #xyz tv3 fid bid
           7.5000000000000000e+01   2.5750000000000004e+01   8.0000000000000004e-01 #xyz tv0
           7.5000000000000000e+01   2.5750000000000004e+01   1.1999999999999997e+00 #xyz tv1
           8.4000000000000000e+01   5.7999999999999993e+01   1.6000000000000001e+00 #xyz tv2
           7.5000000000000000e+01   2.5000000000000000e+01  -6.9388939039072313e-16 -1 132 #xyz tv3 fid bid
           4.9500000000000000e+01   2.4000000000000000e+01   0.0000000000000000e+00 #xyz tv0
           7.5000000000000000e+01   2.5750000000000004e+01   8.0000000000000004e-01 #xyz tv1
           7.5000000000000000e+01   2.5750000000000004e+01   1.1999999999999997e+00 #xyz tv2
           4.9500000000000000e+01   2.6000000000000011e+01   0.0000000000000000e+00 -1 132 #xyz tv3 fid bid
           4.9500000000000000e+01   2.4000000000000000e+01   0.0000000000000000e+00 #xyz tv0
           7.5000000000000000e+01   2.5750000000000004e+01   8.0000000000000004e-01 #xyz tv1
           7.5000000000000000e+01   2.5000000000000000e+01  -6.9388939039072313e-16 #xyz tv2
           7.5000000000000000e+01   2.5750000000000004e+01   1.1999999999999997e+00 -1 132 #xyz tv3 fid bid
           7.5000000000000000e+01   2.5750000000000004e+01   8.0000000000000004e-01 #xyz tv0
           7.5000000000000000e+01   2.5750000000000004e+01   1.1999999999999997e+00 #xyz tv1
           7.5000000000000000e+01   2.5000000000000000e+01  -6.9388939039072313e-16 12 -1 #xyz tv2 fid bid
           7.5000000000000000e+01   2.5750000000000004e+01   8.0000000000000004e-01 #xyz tv0
           7.5000000000000000e+01   2.5750000000000004e+01   1.1999999999999997e+00 #xyz tv1
           7.5000000000000000e+01   2.5000000000000000e+01  -6.9388939039072313e-16 130 -1 #xyz tv2 fid bid
           7.5000000000000000e+01   2.5750000000000004e+01   8.0000000000000004e-01 #xyz tv0
           7.5000000000000000e+01   2.6500000000000000e+01   1.6000000000000001e+00 #xyz tv1
           7.5000000000000000e+01   2.5750000000000004e+01   1.1999999999999997e+00 12 -1 #xyz tv2 fid bid
           7.5000000000000000e+01   2.5750000000000004e+01   8.0000000000000004e-01 #xyz tv0
           7.5000000000000000e+01   2.6500000000000000e+01   1.6000000000000001e+00 #xyz tv1
           7.5000000000000000e+01   2.5750000000000004e+01   1.1999999999999997e+00 130 -1 #xyz tv2 fid bid
           7.5000000000000000e+01   2.5750000000000004e+01   8.0000000000000004e-01 #xyz ev0
           7.5000000000000000e+01   2.5750000000000004e+01   1.1999999999999997e+00 -1 132 #xyz ev1 fid bid
   0   0.000000000000e+00   0.000000000000e+00   0.000000000000e+00 #flag location
END_ERR 
G3dErrFileVersion 2018P3.1
FlagFileMetaData Begin
   Mesh Size - Setup1, Refinement, Pass #2, Freq. 1.000000e+09 :Title    
   Listing of mesh elements with small segments. :ToolTip  
   hf3d :Author   
   1701880289 :TimeStamp
FlagFileMetaData End
BEGIN_ERR 
26 Small mesh segment detected on body : Radiation_box
 Small mesh segment detected on body : Radiation_box 
 Segment Statistics - Number of Segments : 1 --- Segment length(s) : 0.668150mm. The cutoff frequency for S-Matrix Only Solve is 3.25861367391304MHz 
3 -1  12  130  # nfids, fids[]
2 132  -1  # nbids, bids[]
      7 4 1 0 #ntets ntri ned npts
           7.9500000000000000e+01   4.2250000000000000e+01   1.6000000000000001e+00 #xyz tv0
           7.5000000000000000e+01   2.5995385243121170e+01   7.3487170012037728e-01 #xyz tv1
           7.5000000000000000e+01   2.5373011616394244e+01   9.7792558998908186e-01 #xyz tv2
           8.4000000000000000e+01   5.7999999999999993e+01   1.6000000000000001e+00 -1 132 #xyz tv3 fid bid
           7.9500000000000000e+01   4.2250000000000000e+01   1.6000000000000001e+00 #xyz tv0
           7.5000000000000000e+01   2.5373011616394244e+01   9.7792558998908186e-01 #xyz tv1
           7.5000000000000000e+01   2.5995385243121170e+01   7.3487170012037728e-01 #xyz tv2
           7.5000000000000000e+01   2.6500000000000000e+01   1.6000000000000001e+00 -1 132 #xyz tv3 fid bid
           7.5000000000000000e+01   2.5995385243121170e+01   7.3487170012037728e-01 #xyz tv0
           7.5000000000000000e+01   2.5373011616394244e+01   9.7792558998908186e-01 #xyz tv1
           8.4000000000000000e+01   5.7999999999999993e+01   1.6000000000000001e+00 #xyz tv2
           7.5000000000000000e+01   2.5292968750000004e+01  -6.2612675461037921e-16 -1 132 #xyz tv3 fid bid
           7.5000000000000000e+01   2.5995385243121170e+01   7.3487170012037728e-01 #xyz tv0
           7.5000000000000000e+01   2.5373011616394244e+01   9.7792558998908186e-01 #xyz tv1
           6.5039062500000000e+01   2.6500000000000000e+01   1.6000000000000001e+00 #xyz tv2
           7.5000000000000000e+01   2.6500000000000000e+01   1.6000000000000001e+00 -1 132 #xyz tv3 fid bid
           4.9500000000000000e+01   2.4000000000000000e+01   0.0000000000000000e+00 #xyz tv0
           7.5000000000000000e+01   2.5995385243121170e+01   7.3487170012037728e-01 #xyz tv1
           7.5000000000000000e+01   2.5292968750000004e+01  -6.2612675461037921e-16 #xyz tv2
           7.5000000000000000e+01   2.5373011616394244e+01   9.7792558998908186e-01 -1 132 #xyz tv3 fid bid
           7.5000000000000000e+01   2.5995385243121170e+01   7.3487170012037728e-01 #xyz tv0
           6.5039062500000000e+01   2.6500000000000000e+01   1.6000000000000001e+00 #xyz tv1
           7.5000000000000000e+01   2.5373011616394244e+01   9.7792558998908186e-01 #xyz tv2
           4.9500000000000000e+01   2.6000000000000014e+01   0.0000000000000000e+00 -1 132 #xyz tv3 fid bid
           4.9500000000000000e+01   2.4000000000000000e+01   0.0000000000000000e+00 #xyz tv0
           7.5000000000000000e+01   2.5995385243121170e+01   7.3487170012037728e-01 #xyz tv1
           7.5000000000000000e+01   2.5373011616394244e+01   9.7792558998908186e-01 #xyz tv2
           4.9500000000000000e+01   2.6000000000000014e+01   0.0000000000000000e+00 -1 132 #xyz tv3 fid bid
           7.5000000000000000e+01   2.5995385243121170e+01   7.3487170012037728e-01 #xyz tv0
           7.5000000000000000e+01   2.5373011616394244e+01   9.7792558998908186e-01 #xyz tv1
           7.5000000000000000e+01   2.5292968750000004e+01  -6.2612675461037921e-16 12 -1 #xyz tv2 fid bid
           7.5000000000000000e+01   2.5995385243121170e+01   7.3487170012037728e-01 #xyz tv0
           7.5000000000000000e+01   2.5373011616394244e+01   9.7792558998908186e-01 #xyz tv1
           7.5000000000000000e+01   2.5292968750000004e+01  -6.2612675461037921e-16 130 -1 #xyz tv2 fid bid
           7.5000000000000000e+01   2.5995385243121170e+01   7.3487170012037728e-01 #xyz tv0
           7.5000000000000000e+01   2.6500000000000000e+01   1.6000000000000001e+00 #xyz tv1
           7.5000000000000000e+01   2.5373011616394244e+01   9.7792558998908186e-01 12 -1 #xyz tv2 fid bid
           7.5000000000000000e+01   2.5995385243121170e+01   7.3487170012037728e-01 #xyz tv0
           7.5000000000000000e+01   2.6500000000000000e+01   1.6000000000000001e+00 #xyz tv1
           7.5000000000000000e+01   2.5373011616394244e+01   9.7792558998908186e-01 130 -1 #xyz tv2 fid bid
           7.5000000000000000e+01   2.5995385243121170e+01   7.3487170012037728e-01 #xyz ev0
           7.5000000000000000e+01   2.5373011616394244e+01   9.7792558998908186e-01 -1 132 #xyz ev1 fid bid
   0   0.000000000000e+00   0.000000000000e+00   0.000000000000e+00 #flag location
END_ERR 
G3dErrFileVersion 2018P3.1
FlagFileMetaData Begin
   Mesh Size - Setup1, Refinement, Pass #3, Freq. 1.000000e+09 :Title    
   Listing of mesh elements with small segments. :ToolTip  
   hf3d :Author   
   1701880292 :TimeStamp
FlagFileMetaData End
BEGIN_ERR 
26 Small mesh segment detected on body : Radiation_box
 Small mesh segment detected on body : Radiation_box 
 Segment Statistics - Number of Segments : 1 --- Segment length(s) : 0.746693mm. The cutoff frequency for S-Matrix Only Solve is 3.25861367391304MHz 
3 -1  10  118  # nfids, fids[]
2 132  -1  # nbids, bids[]
      4 4 1 0 #ntets ntri ned npts
           1.2864981197413118e-16   2.7250000000000000e+01   1.6000000000000001e+00 #xyz tv0
          -1.2212301587301586e+00   2.7368861607142861e+01   3.0154265873015875e+00 #xyz tv1
           1.9224026274356198e-17   2.7243750000000006e+01   8.5333333333333328e-01 #xyz tv2
           2.5729962394826237e-16   2.8000000000000004e+01   1.6000000000000001e+00 -1 132 #xyz tv3 fid bid
           1.7261904761904759e+01   3.0742063492063494e+01   1.6000000000000001e+00 #xyz tv0
           1.2864981197413118e-16   2.7250000000000000e+01   1.6000000000000001e+00 #xyz tv1
           1.9224026274356198e-17   2.7243750000000006e+01   8.5333333333333328e-01 #xyz tv2
           2.5729962394826237e-16   2.8000000000000004e+01   1.6000000000000001e+00 -1 132 #xyz tv3 fid bid
           1.2864981197413118e-16   2.7250000000000000e+01   1.6000000000000001e+00 #xyz tv0
           1.9224026274356198e-17   2.7243750000000006e+01   8.5333333333333328e-01 #xyz tv1
          -1.2212301587301586e+00   2.7368861607142861e+01   3.0154265873015875e+00 #xyz tv2
           0.0000000000000000e+00   2.6500000000000000e+01   1.6000000000000001e+00 -1 132 #xyz tv3 fid bid
           0.0000000000000000e+00   2.6500000000000000e+01   1.6000000000000001e+00 #xyz tv0
           1.9224026274356198e-17   2.7243750000000006e+01   8.5333333333333328e-01 #xyz tv1
           1.7261904761904759e+01   3.0742063492063494e+01   1.6000000000000001e+00 #xyz tv2
           1.2864981197413118e-16   2.7250000000000000e+01   1.6000000000000001e+00 -1 132 #xyz tv3 fid bid
           1.2864981197413118e-16   2.7250000000000000e+01   1.6000000000000001e+00 #xyz tv0
           1.9224026274356198e-17   2.7243750000000006e+01   8.5333333333333328e-01 #xyz tv1
           0.0000000000000000e+00   2.6500000000000000e+01   1.6000000000000001e+00 10 -1 #xyz tv2 fid bid
           1.2864981197413118e-16   2.7250000000000000e+01   1.6000000000000001e+00 #xyz tv0
           1.9224026274356198e-17   2.7243750000000006e+01   8.5333333333333328e-01 #xyz tv1
           0.0000000000000000e+00   2.6500000000000000e+01   1.6000000000000001e+00 118 -1 #xyz tv2 fid bid
           1.2864981197413118e-16   2.7250000000000000e+01   1.6000000000000001e+00 #xyz tv0
           2.5729962394826237e-16   2.8000000000000004e+01   1.6000000000000001e+00 #xyz tv1
           1.9224026274356198e-17   2.7243750000000006e+01   8.5333333333333328e-01 10 -1 #xyz tv2 fid bid
           1.2864981197413118e-16   2.7250000000000000e+01   1.6000000000000001e+00 #xyz tv0
           2.5729962394826237e-16   2.8000000000000004e+01   1.6000000000000001e+00 #xyz tv1
           1.9224026274356198e-17   2.7243750000000006e+01   8.5333333333333328e-01 118 -1 #xyz tv2 fid bid
           1.2864981197413118e-16   2.7250000000000000e+01   1.6000000000000001e+00 #xyz ev0
           1.9224026274356198e-17   2.7243750000000006e+01   8.5333333333333328e-01 -1 132 #xyz ev1 fid bid
   0   0.000000000000e+00   0.000000000000e+00   0.000000000000e+00 #flag location
END_ERR 
G3dErrFileVersion 2018P3.1
FlagFileMetaData Begin
   Mesh Size - Setup1, Refinement, Pass #4, Freq. 1.000000e+09 :Title    
   Listing of mesh elements with small segments. :ToolTip  
   hf3d :Author   
   1701880294 :TimeStamp
FlagFileMetaData End
BEGIN_ERR 
26 Small mesh segment detected on body : Substrate
 Small mesh segment detected on body : Substrate 
 Segment Statistics - Number of Segments : 1 --- Segment length(s) : 0.404853mm. The cutoff frequency for S-Matrix Only Solve is 3.25861367391304MHz 
1 -1  # nfids, fids[]
1 6  # nbids, bids[]
      7 0 1 0 #ntets ntri ned npts
           9.3750000000000000e+00   2.3500000000000000e+01   1.6000000000000001e+00 #xyz tv0
           9.3750000000000000e+00   2.6500000000000000e+01   1.6000000000000001e+00 #xyz tv1
           9.3750000000000000e+00   2.3437500000000000e+01   1.1999999999999997e+00 #xyz tv2
           1.8750000000000000e+01   2.3500000000000000e+01   1.6000000000000001e+00 -1 6 #xyz tv3 fid bid
           9.3750000000000000e+00   2.3500000000000000e+01   1.6000000000000001e+00 #xyz tv0
           9.3750000000000000e+00   2.3437500000000000e+01   1.1999999999999997e+00 #xyz tv1
           9.3750000000000000e+00   2.6500000000000000e+01   1.6000000000000001e+00 #xyz tv2
           7.5011022927689597e+00   2.4927752459490740e+01   1.6000000000000001e+00 -1 6 #xyz tv3 fid bid
           9.3750000000000000e+00   2.3500000000000000e+01   1.6000000000000001e+00 #xyz tv0
           9.3750000000000000e+00   2.3437500000000000e+01   1.1999999999999997e+00 #xyz tv1
           1.3617707362036345e+01   1.8522649729401898e+01  -1.6826698533715735e-16 #xyz tv2
           1.8750000000000000e+01   2.3500000000000000e+01   1.6000000000000001e+00 -1 6 #xyz tv3 fid bid
           7.5011022927689597e+00   2.4927752459490740e+01   1.6000000000000001e+00 #xyz tv0
           9.3750000000000000e+00   2.3500000000000000e+01   1.6000000000000001e+00 #xyz tv1
           9.3750000000000000e+00   2.3437500000000000e+01   1.1999999999999997e+00 #xyz tv2
          -1.0336354089168595e-16   2.4133001422646604e+01   9.1148148148148134e-01 -1 6 #xyz tv3 fid bid
           9.3750000000000000e+00   2.3500000000000000e+01   1.6000000000000001e+00 #xyz tv0
           1.3617707362036345e+01   1.8522649729401898e+01  -1.6826698533715735e-16 #xyz tv1
           9.3750000000000000e+00   2.3437500000000000e+01   1.1999999999999997e+00 #xyz tv2
           5.1776895071085347e+00   1.6205004478091332e+01   9.0024691358024667e-01 -1 6 #xyz tv3 fid bid
           9.3750000000000000e+00   2.3437500000000000e+01   1.1999999999999997e+00 #xyz tv0
          -1.0336354089168595e-16   2.4133001422646604e+01   9.1148148148148134e-01 #xyz tv1
           9.3750000000000000e+00   2.3500000000000000e+01   1.6000000000000001e+00 #xyz tv2
          -1.6424538091947201e-16   2.3314853877314810e+01   8.0444444444444407e-01 -1 6 #xyz tv3 fid bid
           9.3750000000000000e+00   2.3437500000000000e+01   1.1999999999999997e+00 #xyz tv0
           9.3750000000000000e+00   2.3500000000000000e+01   1.6000000000000001e+00 #xyz tv1
           5.1776895071085347e+00   1.6205004478091332e+01   9.0024691358024667e-01 #xyz tv2
          -1.6424538091947201e-16   2.3314853877314810e+01   8.0444444444444407e-01 -1 6 #xyz tv3 fid bid
           9.3750000000000000e+00   2.3500000000000000e+01   1.6000000000000001e+00 #xyz ev0
           9.3750000000000000e+00   2.3437500000000000e+01   1.1999999999999997e+00 -1 6 #xyz ev1 fid bid
   0   0.000000000000e+00   0.000000000000e+00   0.000000000000e+00 #flag location
END_ERR 
G3dErrFileVersion 2018P3.1
FlagFileMetaData Begin
   Mesh Size - Setup1, Refinement, Pass #5, Freq. 1.000000e+09 :Title    
   Listing of mesh elements with small segments. :ToolTip  
   hf3d :Author   
   1701880297 :TimeStamp
FlagFileMetaData End
BEGIN_ERR 
26 Small mesh segment detected on body : Substrate
 Small mesh segment detected on body : Substrate 
 Segment Statistics - Number of Segments : 1 --- Segment length(s) : 0.499737mm. The cutoff frequency for S-Matrix Only Solve is 3.25861367391304MHz 
1 -1  # nfids, fids[]
1 6  # nbids, bids[]
      8 0 1 0 #ntets ntri ned npts
           9.0820312500000000e+00   2.3500000000000000e+01   1.6000000000000001e+00 #xyz tv0
           9.3750000000000000e+00   2.3437500000000000e+01   1.1999999999999997e+00 #xyz tv1
           8.2031250000000000e+00   2.6500000000000000e+01   1.6000000000000001e+00 #xyz tv2
           6.0261254868459728e+00   2.4970471040702158e+01   1.6000000000000001e+00 -1 6 #xyz tv3 fid bid
           9.3750000000000000e+00   2.3437500000000000e+01   1.1999999999999997e+00 #xyz tv0
           1.3623046875000002e+01   2.6500000000000000e+01   1.6000000000000001e+00 #xyz tv1
           9.0820312500000000e+00   2.3500000000000000e+01   1.6000000000000001e+00 #xyz tv2
           8.2031250000000000e+00   2.6500000000000000e+01   1.6000000000000001e+00 -1 6 #xyz tv3 fid bid
           6.0261254868459728e+00   2.4970471040702158e+01   1.6000000000000001e+00 #xyz tv0
           9.0820312500000000e+00   2.3500000000000000e+01   1.6000000000000001e+00 #xyz tv1
           9.3750000000000000e+00   2.3437500000000000e+01   1.1999999999999997e+00 #xyz tv2
          -9.9023697276706701e-17   2.4042111020937970e+01   9.6260152034750779e-01 -1 6 #xyz tv3 fid bid
           9.3750000000000000e+00   2.3437500000000000e+01   1.1999999999999997e+00 #xyz tv0
           9.0820312500000000e+00   2.3500000000000000e+01   1.6000000000000001e+00 #xyz tv1
           1.3623046875000002e+01   2.6500000000000000e+01   1.6000000000000001e+00 #xyz tv2
           1.7578125000000000e+01   2.3500000000000000e+01   1.6000000000000001e+00 -1 6 #xyz tv3 fid bid
           9.3750000000000000e+00   2.3437500000000000e+01   1.1999999999999997e+00 #xyz tv0
          -9.9023697276706701e-17   2.4042111020937970e+01   9.6260152034750779e-01 #xyz tv1
           9.0820312500000000e+00   2.3500000000000000e+01   1.6000000000000001e+00 #xyz tv2
          -1.6126088389055975e-16   2.3260952391216204e+01   8.1638696844993108e-01 -1 6 #xyz tv3 fid bid
           9.0820312500000000e+00   2.3500000000000000e+01   1.6000000000000001e+00 #xyz tv0
           9.3750000000000000e+00   2.3437500000000000e+01   1.1999999999999997e+00 #xyz tv1
           1.3617707362036345e+01   1.8522649729401898e+01  -1.6826698533715735e-16 #xyz tv2
           1.7578125000000000e+01   2.3500000000000000e+01   1.6000000000000001e+00 -1 6 #xyz tv3 fid bid
          -1.6126088389055975e-16   2.3260952391216204e+01   8.1638696844993108e-01 #xyz tv0
           9.1100377118060578e+00   1.6319014255245104e+01   1.6000000000000001e+00 #xyz tv1
           9.0820312500000000e+00   2.3500000000000000e+01   1.6000000000000001e+00 #xyz tv2
           9.3750000000000000e+00   2.3437500000000000e+01   1.1999999999999997e+00 -1 6 #xyz tv3 fid bid
           9.3750000000000000e+00   2.3437500000000000e+01   1.1999999999999997e+00 #xyz tv0
           9.1100377118060578e+00   1.6319014255245104e+01   1.6000000000000001e+00 #xyz tv1
           9.0820312500000000e+00   2.3500000000000000e+01   1.6000000000000001e+00 #xyz tv2
           1.3617707362036345e+01   1.8522649729401898e+01  -1.6826698533715735e-16 -1 6 #xyz tv3 fid bid
           9.0820312500000000e+00   2.3500000000000000e+01   1.6000000000000001e+00 #xyz ev0
           9.3750000000000000e+00   2.3437500000000000e+01   1.1999999999999997e+00 -1 6 #xyz ev1 fid bid
   0   0.000000000000e+00   0.000000000000e+00   0.000000000000e+00 #flag location
END_ERR 
G3dErrFileVersion 2018P3.1
FlagFileMetaData Begin
   Mesh Size - Setup1, Refinement, Pass #6, Freq. 1.000000e+09 :Title    
   Listing of mesh elements with small segments. :ToolTip  
   hf3d :Author   
   1701880299 :TimeStamp
FlagFileMetaData End
BEGIN_ERR 
26 Small mesh segment detected on body : Substrate
 Small mesh segment detected on body : Substrate 
 Segment Statistics - Number of Segments : 1 --- Segment length(s) : 0.499737mm. The cutoff frequency for S-Matrix Only Solve is 3.25861367391304MHz 
1 -1  # nfids, fids[]
1 6  # nbids, bids[]
      9 0 1 0 #ntets ntri ned npts
           9.3750000000000000e+00   2.3437500000000000e+01   1.1999999999999997e+00 #xyz tv0
           1.6589355468750000e+01   2.3500000000000000e+01   1.6000000000000001e+00 #xyz tv1
           1.3298380083447245e+01   1.9649399775730181e+01   1.6000000000000001e+00 #xyz tv2
           9.0820312500000000e+00   2.3500000000000000e+01   1.6000000000000001e+00 -1 6 #xyz tv3 fid bid
           9.3750000000000000e+00   2.3437500000000000e+01   1.1999999999999997e+00 #xyz tv0
           1.3298380083447245e+01   1.9649399775730181e+01   1.6000000000000001e+00 #xyz tv1
           8.9718960799851430e+00   1.5896159478992297e+01   1.6000000000000001e+00 #xyz tv2
           9.0820312500000000e+00   2.3500000000000000e+01   1.6000000000000001e+00 -1 6 #xyz tv3 fid bid
           9.3750000000000000e+00   2.3437500000000000e+01   1.1999999999999997e+00 #xyz tv0
           9.0820312500000000e+00   2.3500000000000000e+01   1.6000000000000001e+00 #xyz tv1
           1.3623046875000004e+01   2.6500000000000000e+01   1.6000000000000001e+00 #xyz tv2
           1.6589355468750000e+01   2.3500000000000000e+01   1.6000000000000001e+00 -1 6 #xyz tv3 fid bid
           9.3750000000000000e+00   2.3437500000000000e+01   1.1999999999999997e+00 #xyz tv0
           8.9718960799851430e+00   1.5896159478992297e+01   1.6000000000000001e+00 #xyz tv1
           4.0333618709453933e+00   1.9176397327353932e+01   1.6000000000000001e+00 #xyz tv2
           9.0820312500000000e+00   2.3500000000000000e+01   1.6000000000000001e+00 -1 6 #xyz tv3 fid bid
           9.3750000000000000e+00   2.3437500000000000e+01   1.1999999999999997e+00 #xyz tv0
           1.3623046875000004e+01   2.6500000000000000e+01   1.6000000000000001e+00 #xyz tv1
           9.0820312500000000e+00   2.3500000000000000e+01   1.6000000000000001e+00 #xyz tv2
           7.1594238281250000e+00   2.6500000000000000e+01   1.6000000000000001e+00 -1 6 #xyz tv3 fid bid
           9.3750000000000000e+00   2.3437500000000000e+01   1.1999999999999997e+00 #xyz tv0
           9.0820312500000000e+00   2.3500000000000000e+01   1.6000000000000001e+00 #xyz tv1
           4.0333618709453933e+00   1.9176397327353932e+01   1.6000000000000001e+00 #xyz tv2
          -1.5948410853528052e-16   2.3195186594051229e+01   8.3290339739945241e-01 -1 6 #xyz tv3 fid bid
           9.0820312500000000e+00   2.3500000000000000e+01   1.6000000000000001e+00 #xyz tv0
           9.3750000000000000e+00   2.3437500000000000e+01   1.1999999999999997e+00 #xyz tv1
           7.1594238281250000e+00   2.6500000000000000e+01   1.6000000000000001e+00 #xyz tv2
           6.0261254868459728e+00   2.4970471040702158e+01   1.6000000000000001e+00 -1 6 #xyz tv3 fid bid
           9.3750000000000000e+00   2.3437500000000000e+01   1.1999999999999997e+00 #xyz tv0
          -9.5892458033177187e-17   2.3970365404352734e+01   9.9853206337735034e-01 #xyz tv1
           9.0820312500000000e+00   2.3500000000000000e+01   1.6000000000000001e+00 #xyz tv2
          -1.5948410853528052e-16   2.3195186594051229e+01   8.3290339739945241e-01 -1 6 #xyz tv3 fid bid
           6.0261254868459728e+00   2.4970471040702158e+01   1.6000000000000001e+00 #xyz tv0
           9.0820312500000000e+00   2.3500000000000000e+01   1.6000000000000001e+00 #xyz tv1
           9.3750000000000000e+00   2.3437500000000000e+01   1.1999999999999997e+00 #xyz tv2
          -9.5892458033177187e-17   2.3970365404352734e+01   9.9853206337735034e-01 -1 6 #xyz tv3 fid bid
           9.0820312500000000e+00   2.3500000000000000e+01   1.6000000000000001e+00 #xyz ev0
           9.3750000000000000e+00   2.3437500000000000e+01   1.1999999999999997e+00 -1 6 #xyz ev1 fid bid
   0   0.000000000000e+00   0.000000000000e+00   0.000000000000e+00 #flag location
END_ERR 
G3dErrFileVersion 2018P3.1
FlagFileMetaData Begin
   Mesh Size - Setup1, Refinement, Pass #1, Freq. 1.000000e+09 :Title    
   Listing of mesh elements with small segments. :ToolTip  
   hf3d :Author   
   1701940376 :TimeStamp
FlagFileMetaData End
BEGIN_ERR 
26 Small mesh segment detected on body : Radiation_box
 Small mesh segment detected on body : Radiation_box 
 Segment Statistics - Number of Segments : 1 --- Segment length(s) : 0.750000mm. The cutoff frequency for S-Matrix Only Solve is 3.25861367391304MHz 
5 -1  7  106  10  118  # nfids, fids[]
2 132  -1  # nbids, bids[]
      7 4 1 0 #ntets ntri ned npts
           0.0000000000000000e+00   2.5750000000000004e+01   1.6000000000000001e+00 #xyz tv0
           9.3750000000000000e+00   2.5000000000000000e+01   1.6000000000000001e+00 #xyz tv1
           3.8000000000000000e+01   2.2999999999999996e+01   1.8000000000000011e+01 #xyz tv2
           0.0000000000000000e+00   2.6500000000000000e+01   1.6000000000000001e+00 -1 132 #xyz tv3 fid bid
           0.0000000000000000e+00   2.5750000000000004e+01   1.6000000000000001e+00 #xyz tv0
           3.8000000000000000e+01   2.2999999999999996e+01   1.8000000000000011e+01 #xyz tv1
          -8.0000000000000000e+00   5.7999999999999993e+01   1.8000000000000011e+01 #xyz tv2
           0.0000000000000000e+00   2.6500000000000000e+01   1.6000000000000001e+00 -1 132 #xyz tv3 fid bid
           1.7721671968382495e+01   2.4902453323814342e+01   6.7992788461538456e-01 #xyz tv0
           6.3750000000000009e+00   2.8000000000000000e+01  -4.9960036108132064e-16 #xyz tv1
           0.0000000000000000e+00   2.6500000000000000e+01   1.6000000000000001e+00 #xyz tv2
           0.0000000000000000e+00   2.5750000000000004e+01   1.6000000000000001e+00 -1 132 #xyz tv3 fid bid
           1.7721671968382495e+01   2.4902453323814342e+01   6.7992788461538456e-01 #xyz tv0
           9.3750000000000000e+00   2.5000000000000000e+01   1.6000000000000001e+00 #xyz tv1
           0.0000000000000000e+00   2.5750000000000004e+01   1.6000000000000001e+00 #xyz tv2
           0.0000000000000000e+00   2.6500000000000000e+01   1.6000000000000001e+00 -1 132 #xyz tv3 fid bid
           0.0000000000000000e+00   2.5750000000000004e+01   1.6000000000000001e+00 #xyz tv0
          -8.0000000000000000e+00   5.7999999999999993e+01   1.8000000000000011e+01 #xyz tv1
          -3.1077485380116956e+00   2.8751228983918129e+01   1.5263651315789482e+00 #xyz tv2
           0.0000000000000000e+00   2.6500000000000000e+01   1.6000000000000001e+00 -1 132 #xyz tv3 fid bid
           0.0000000000000000e+00   2.6500000000000000e+01   1.6000000000000001e+00 #xyz tv0
           0.0000000000000000e+00   2.5750000000000004e+01   1.6000000000000001e+00 #xyz tv1
           6.3750000000000009e+00   2.8000000000000000e+01  -4.9960036108132064e-16 #xyz tv2
          -9.1848509936051053e-17   2.6500000000000000e+01  -3.3306690738754701e-16 -1 132 #xyz tv3 fid bid
          -9.1848509936051053e-17   2.6500000000000000e+01  -3.3306690738754701e-16 #xyz tv0
           0.0000000000000000e+00   2.5750000000000004e+01   1.6000000000000001e+00 #xyz tv1
          -3.1077485380116956e+00   2.8751228983918129e+01   1.5263651315789482e+00 #xyz tv2
           0.0000000000000000e+00   2.6500000000000000e+01   1.6000000000000001e+00 -1 132 #xyz tv3 fid bid
           0.0000000000000000e+00   2.5750000000000004e+01   1.6000000000000001e+00 #xyz tv0
           9.3750000000000000e+00   2.5000000000000000e+01   1.6000000000000001e+00 #xyz tv1
           0.0000000000000000e+00   2.6500000000000000e+01   1.6000000000000001e+00 7 -1 #xyz tv2 fid bid
           0.0000000000000000e+00   2.5750000000000004e+01   1.6000000000000001e+00 #xyz tv0
           9.3750000000000000e+00   2.5000000000000000e+01   1.6000000000000001e+00 #xyz tv1
           0.0000000000000000e+00   2.6500000000000000e+01   1.6000000000000001e+00 106 -1 #xyz tv2 fid bid
          -9.1848509936051053e-17   2.6500000000000000e+01  -3.3306690738754701e-16 #xyz tv0
           0.0000000000000000e+00   2.5750000000000004e+01   1.6000000000000001e+00 #xyz tv1
           0.0000000000000000e+00   2.6500000000000000e+01   1.6000000000000001e+00 10 -1 #xyz tv2 fid bid
          -9.1848509936051053e-17   2.6500000000000000e+01  -3.3306690738754701e-16 #xyz tv0
           0.0000000000000000e+00   2.5750000000000004e+01   1.6000000000000001e+00 #xyz tv1
           0.0000000000000000e+00   2.6500000000000000e+01   1.6000000000000001e+00 118 -1 #xyz tv2 fid bid
           0.0000000000000000e+00   2.6500000000000000e+01   1.6000000000000001e+00 #xyz ev0
           0.0000000000000000e+00   2.5750000000000004e+01   1.6000000000000001e+00 -1 132 #xyz ev1 fid bid
   0   0.000000000000e+00   0.000000000000e+00   0.000000000000e+00 #flag location
END_ERR 
G3dErrFileVersion 2018P3.1
FlagFileMetaData Begin
   Mesh Size - Setup1, Refinement, Pass #2, Freq. 1.000000e+09 :Title    
   Listing of mesh elements with small segments. :ToolTip  
   hf3d :Author   
   1701940379 :TimeStamp
FlagFileMetaData End
BEGIN_ERR 
26 Small mesh segment detected on body : Substrate
 Small mesh segment detected on body : Substrate 
 Segment Statistics - Number of Segments : 1 --- Segment length(s) : 0.711316mm. The cutoff frequency for S-Matrix Only Solve is 3.25861367391304MHz 
3 -1  10  118  # nfids, fids[]
2 6  -1  # nbids, bids[]
      4 4 1 0 #ntets ntri ned npts
           1.2864981197413118e-16   2.7250000000000000e+01   1.6000000000000001e+00 #xyz tv0
           3.1633422783064058e-17   2.7232942708333333e+01   8.8888888888888884e-01 #xyz tv1
           6.3750000000000009e+00   2.8000000000000000e+01  -4.9960036108132074e-16 #xyz tv2
           2.5729962394826237e-16   2.8000000000000004e+01   1.6000000000000001e+00 -1 6 #xyz tv3 fid bid
           1.2864981197413118e-16   2.7250000000000000e+01   1.6000000000000001e+00 #xyz tv0
           6.3750000000000009e+00   2.8000000000000000e+01  -4.9960036108132074e-16 #xyz tv1
           3.1633422783064058e-17   2.7232942708333333e+01   8.8888888888888884e-01 #xyz tv2
           0.0000000000000000e+00   2.6500000000000000e+01   1.6000000000000001e+00 -1 6 #xyz tv3 fid bid
           1.2864981197413118e-16   2.7250000000000000e+01   1.6000000000000001e+00 #xyz tv0
          -2.7769371345029237e+00   2.6223298317408101e+01   2.5396691598788652e+00 #xyz tv1
           3.1633422783064058e-17   2.7232942708333333e+01   8.8888888888888884e-01 #xyz tv2
           2.5729962394826237e-16   2.8000000000000004e+01   1.6000000000000001e+00 -1 6 #xyz tv3 fid bid
           1.2864981197413118e-16   2.7250000000000000e+01   1.6000000000000001e+00 #xyz tv0
           3.1633422783064058e-17   2.7232942708333333e+01   8.8888888888888884e-01 #xyz tv1
          -2.7769371345029237e+00   2.6223298317408101e+01   2.5396691598788652e+00 #xyz tv2
           0.0000000000000000e+00   2.6500000000000000e+01   1.6000000000000001e+00 -1 6 #xyz tv3 fid bid
           1.2864981197413118e-16   2.7250000000000000e+01   1.6000000000000001e+00 #xyz tv0
           3.1633422783064058e-17   2.7232942708333333e+01   8.8888888888888884e-01 #xyz tv1
           0.0000000000000000e+00   2.6500000000000000e+01   1.6000000000000001e+00 10 -1 #xyz tv2 fid bid
           1.2864981197413118e-16   2.7250000000000000e+01   1.6000000000000001e+00 #xyz tv0
           3.1633422783064058e-17   2.7232942708333333e+01   8.8888888888888884e-01 #xyz tv1
           0.0000000000000000e+00   2.6500000000000000e+01   1.6000000000000001e+00 118 -1 #xyz tv2 fid bid
           1.2864981197413118e-16   2.7250000000000000e+01   1.6000000000000001e+00 #xyz tv0
           2.5729962394826237e-16   2.8000000000000004e+01   1.6000000000000001e+00 #xyz tv1
           3.1633422783064058e-17   2.7232942708333333e+01   8.8888888888888884e-01 10 -1 #xyz tv2 fid bid
           1.2864981197413118e-16   2.7250000000000000e+01   1.6000000000000001e+00 #xyz tv0
           2.5729962394826237e-16   2.8000000000000004e+01   1.6000000000000001e+00 #xyz tv1
           3.1633422783064058e-17   2.7232942708333333e+01   8.8888888888888884e-01 118 -1 #xyz tv2 fid bid
           1.2864981197413118e-16   2.7250000000000000e+01   1.6000000000000001e+00 #xyz ev0
           3.1633422783064058e-17   2.7232942708333333e+01   8.8888888888888884e-01 -1 6 #xyz ev1 fid bid
   0   0.000000000000e+00   0.000000000000e+00   0.000000000000e+00 #flag location
END_ERR 
G3dErrFileVersion 2018P3.1
FlagFileMetaData Begin
   Mesh Size - Setup1, Refinement, Pass #3, Freq. 1.000000e+09 :Title    
   Listing of mesh elements with small segments. :ToolTip  
   hf3d :Author   
   1701940382 :TimeStamp
FlagFileMetaData End
BEGIN_ERR 
26 Small mesh segment detected on body : Substrate
 Small mesh segment detected on body : Substrate 
 Segment Statistics - Number of Segments : 1 --- Segment length(s) : 0.704246mm. The cutoff frequency for S-Matrix Only Solve is 3.25861367391304MHz 
3 -1  12  130  # nfids, fids[]
2 6  -1  # nbids, bids[]
      5 4 1 0 #ntets ntri ned npts
           6.4773559570312500e+01   2.6500000000000000e+01   1.6000000000000001e+00 #xyz tv0
           7.5000000000000000e+01   2.6281351572078240e+01   9.3055571880980192e-01 #xyz tv1
           7.1156141493055557e+01   2.5022658454047306e+01   1.6000000000000001e+00 #xyz tv2
           7.5000000000000000e+01   2.6500000000000000e+01   1.6000000000000001e+00 -1 6 #xyz tv3 fid bid
           6.4773559570312500e+01   2.6500000000000000e+01   1.6000000000000001e+00 #xyz tv0
           7.5000000000000000e+01   2.7250000000000000e+01   8.0000000000000004e-01 #xyz tv1
           7.5000000000000000e+01   2.6281351572078240e+01   9.3055571880980192e-01 #xyz tv2
           7.5000000000000000e+01   2.6500000000000000e+01   1.6000000000000001e+00 -1 6 #xyz tv3 fid bid
           7.1156141493055557e+01   2.5022658454047306e+01   1.6000000000000001e+00 #xyz tv0
           7.5000000000000000e+01   2.6281351572078240e+01   9.3055571880980192e-01 #xyz tv1
           7.5000000000000000e+01   2.5580799102783203e+01   1.6000000000000001e+00 #xyz tv2
           7.5000000000000000e+01   2.6500000000000000e+01   1.6000000000000001e+00 -1 6 #xyz tv3 fid bid
           7.5000000000000000e+01   2.6500000000000000e+01   1.6000000000000001e+00 #xyz tv0
           7.5000000000000000e+01   2.6281351572078240e+01   9.3055571880980192e-01 #xyz tv1
           8.4000000000000000e+01   2.2999999999999996e+01  -2.0000000000000000e+00 #xyz tv2
           7.5000000000000000e+01   2.7250000000000000e+01   8.0000000000000004e-01 -1 6 #xyz tv3 fid bid
           7.5000000000000000e+01   2.5580799102783203e+01   1.6000000000000001e+00 #xyz tv0
           8.4000000000000000e+01   2.2999999999999996e+01  -2.0000000000000000e+00 #xyz tv1
           7.5000000000000000e+01   2.6500000000000000e+01   1.6000000000000001e+00 #xyz tv2
           7.5000000000000000e+01   2.6281351572078240e+01   9.3055571880980192e-01 -1 6 #xyz tv3 fid bid
           7.5000000000000000e+01   2.6281351572078240e+01   9.3055571880980192e-01 #xyz tv0
           7.5000000000000000e+01   2.7250000000000000e+01   8.0000000000000004e-01 #xyz tv1
           7.5000000000000000e+01   2.6500000000000000e+01   1.6000000000000001e+00 12 -1 #xyz tv2 fid bid
           7.5000000000000000e+01   2.6281351572078240e+01   9.3055571880980192e-01 #xyz tv0
           7.5000000000000000e+01   2.7250000000000000e+01   8.0000000000000004e-01 #xyz tv1
           7.5000000000000000e+01   2.6500000000000000e+01   1.6000000000000001e+00 130 -1 #xyz tv2 fid bid
           7.5000000000000000e+01   2.5580799102783203e+01   1.6000000000000001e+00 #xyz tv0
           7.5000000000000000e+01   2.6281351572078240e+01   9.3055571880980192e-01 #xyz tv1
           7.5000000000000000e+01   2.6500000000000000e+01   1.6000000000000001e+00 12 -1 #xyz tv2 fid bid
           7.5000000000000000e+01   2.5580799102783203e+01   1.6000000000000001e+00 #xyz tv0
           7.5000000000000000e+01   2.6281351572078240e+01   9.3055571880980192e-01 #xyz tv1
           7.5000000000000000e+01   2.6500000000000000e+01   1.6000000000000001e+00 130 -1 #xyz tv2 fid bid
           7.5000000000000000e+01   2.6500000000000000e+01   1.6000000000000001e+00 #xyz ev0
           7.5000000000000000e+01   2.6281351572078240e+01   9.3055571880980192e-01 -1 6 #xyz ev1 fid bid
   0   0.000000000000e+00   0.000000000000e+00   0.000000000000e+00 #flag location
END_ERR 
G3dErrFileVersion 2018P3.1
FlagFileMetaData Begin
   Mesh Size - Setup1, Refinement, Pass #4, Freq. 1.000000e+09 :Title    
   Listing of mesh elements with small segments. :ToolTip  
   hf3d :Author   
   1701940384 :TimeStamp
FlagFileMetaData End
BEGIN_ERR 
26 Small mesh segment detected on body : Substrate
 Small mesh segment detected on body : Substrate 
 Segment Statistics - Number of Segments : 1 --- Segment length(s) : 0.704246mm. The cutoff frequency for S-Matrix Only Solve is 3.25861367391304MHz 
3 -1  12  130  # nfids, fids[]
2 6  -1  # nbids, bids[]
      5 4 1 0 #ntets ntri ned npts
           6.4567565917968750e+01   2.6500000000000000e+01   1.6000000000000001e+00 #xyz tv0
           7.5000000000000000e+01   2.6281351572078240e+01   9.3055571880980192e-01 #xyz tv1
           7.1465226161627129e+01   2.5022726649119530e+01   1.6000000000000001e+00 #xyz tv2
           7.5000000000000000e+01   2.6500000000000000e+01   1.6000000000000001e+00 -1 6 #xyz tv3 fid bid
           6.4567565917968750e+01   2.6500000000000000e+01   1.6000000000000001e+00 #xyz tv0
           7.5000000000000000e+01   2.7132513903339134e+01   8.8616256655646319e-01 #xyz tv1
           7.5000000000000000e+01   2.6281351572078240e+01   9.3055571880980192e-01 #xyz tv2
           7.5000000000000000e+01   2.6500000000000000e+01   1.6000000000000001e+00 -1 6 #xyz tv3 fid bid
           7.1465226161627129e+01   2.5022726649119530e+01   1.6000000000000001e+00 #xyz tv0
           7.5000000000000000e+01   2.6281351572078240e+01   9.3055571880980192e-01 #xyz tv1
           7.5000000000000000e+01   2.5546328425407410e+01   1.6000000000000001e+00 #xyz tv2
           7.5000000000000000e+01   2.6500000000000000e+01   1.6000000000000001e+00 -1 6 #xyz tv3 fid bid
           7.5000000000000000e+01   2.6500000000000000e+01   1.6000000000000001e+00 #xyz tv0
           7.5000000000000000e+01   2.6281351572078240e+01   9.3055571880980192e-01 #xyz tv1
           8.4000000000000000e+01   1.6164062499999996e+01  -2.0000000000000000e+00 #xyz tv2
           7.5000000000000000e+01   2.7132513903339134e+01   8.8616256655646319e-01 -1 6 #xyz tv3 fid bid
           7.5000000000000000e+01   2.5546328425407410e+01   1.6000000000000001e+00 #xyz tv0
           8.4000000000000000e+01   1.6164062499999996e+01  -2.0000000000000000e+00 #xyz tv1
           7.5000000000000000e+01   2.6500000000000000e+01   1.6000000000000001e+00 #xyz tv2
           7.5000000000000000e+01   2.6281351572078240e+01   9.3055571880980192e-01 -1 6 #xyz tv3 fid bid
           7.5000000000000000e+01   2.6281351572078240e+01   9.3055571880980192e-01 #xyz tv0
           7.5000000000000000e+01   2.7132513903339134e+01   8.8616256655646319e-01 #xyz tv1
           7.5000000000000000e+01   2.6500000000000000e+01   1.6000000000000001e+00 12 -1 #xyz tv2 fid bid
           7.5000000000000000e+01   2.6281351572078240e+01   9.3055571880980192e-01 #xyz tv0
           7.5000000000000000e+01   2.7132513903339134e+01   8.8616256655646319e-01 #xyz tv1
           7.5000000000000000e+01   2.6500000000000000e+01   1.6000000000000001e+00 130 -1 #xyz tv2 fid bid
           7.5000000000000000e+01   2.5546328425407410e+01   1.6000000000000001e+00 #xyz tv0
