G3dErrFileVersion 2018P3.1
FlagFileMetaData Begin
   Mesh Size - Setup1, Refinement, Pass #1, Freq. 1.000000e+09 :Title    
   Listing of mesh elements with small segments. :ToolTip  
   hf3d :Author   
   1703058089 :TimeStamp
FlagFileMetaData End
BEGIN_ERR 
26 Small mesh segment detected on body : Radiation_box
 Small mesh segment detected on body : Radiation_box 
 Segment Statistics - Number of Segments : 1 --- Segment length(s) : 0.350000mm. The cutoff frequency for S-Matrix Only Solve is 2.398339664MHz 
3 -1  12  221  # nfids, fids[]
2 223  -1  # nbids, bids[]
      4 4 1 0 #ntets ntri ned npts
           5.2559523809523810e+01   0.0000000000000000e+00   7.0000000000000018e-01 #xyz tv0
           3.7500000000000000e+01  -1.6250000000000002e+00   1.0500000000000000e+00 #xyz tv1
           3.7500000000000000e+01  -2.0000000000000000e+00   7.0000000000000007e-01 #xyz tv2
           3.7500000000000000e+01  -1.6250000000000002e+00   7.0000000000000007e-01 -1 223 #xyz tv3 fid bid
           2.1500000000000000e+01  -2.9999999999999999e-01   0.0000000000000000e+00 #xyz tv0
           3.7500000000000000e+01  -2.0000000000000000e+00   7.0000000000000007e-01 #xyz tv1
           3.7500000000000000e+01  -1.6250000000000002e+00   1.0500000000000000e+00 #xyz tv2
           3.7500000000000000e+01  -1.6250000000000002e+00   7.0000000000000007e-01 -1 223 #xyz tv3 fid bid
           5.2559523809523810e+01   0.0000000000000000e+00   7.0000000000000018e-01 #xyz tv0
           3.7500000000000000e+01  -1.2500000000000000e+00   1.4000000000000001e+00 #xyz tv1
           3.7500000000000000e+01  -1.6250000000000002e+00   1.0500000000000000e+00 #xyz tv2
           3.7500000000000000e+01  -1.6250000000000002e+00   7.0000000000000007e-01 -1 223 #xyz tv3 fid bid
           3.7500000000000000e+01  -1.6250000000000002e+00   1.0500000000000000e+00 #xyz tv0
           2.1500000000000000e+01  -2.9999999999999999e-01   0.0000000000000000e+00 #xyz tv1
           3.7500000000000000e+01  -1.6250000000000002e+00   7.0000000000000007e-01 #xyz tv2
           3.7500000000000000e+01  -1.2500000000000000e+00   1.4000000000000001e+00 -1 223 #xyz tv3 fid bid
           3.7500000000000000e+01  -1.6250000000000002e+00   1.0500000000000000e+00 #xyz tv0
           3.7500000000000000e+01  -1.6250000000000002e+00   7.0000000000000007e-01 #xyz tv1
           3.7500000000000000e+01  -1.2500000000000000e+00   1.4000000000000001e+00 12 -1 #xyz tv2 fid bid
           3.7500000000000000e+01  -1.6250000000000002e+00   1.0500000000000000e+00 #xyz tv0
           3.7500000000000000e+01  -1.6250000000000002e+00   7.0000000000000007e-01 #xyz tv1
           3.7500000000000000e+01  -1.2500000000000000e+00   1.4000000000000001e+00 221 -1 #xyz tv2 fid bid
           3.7500000000000000e+01  -1.6250000000000002e+00   1.0500000000000000e+00 #xyz tv0
           3.7500000000000000e+01  -2.0000000000000000e+00   7.0000000000000007e-01 #xyz tv1
           3.7500000000000000e+01  -1.6250000000000002e+00   7.0000000000000007e-01 12 -1 #xyz tv2 fid bid
           3.7500000000000000e+01  -1.6250000000000002e+00   1.0500000000000000e+00 #xyz tv0
           3.7500000000000000e+01  -2.0000000000000000e+00   7.0000000000000007e-01 #xyz tv1
           3.7500000000000000e+01  -1.6250000000000002e+00   7.0000000000000007e-01 221 -1 #xyz tv2 fid bid
           3.7500000000000000e+01  -1.6250000000000002e+00   1.0500000000000000e+00 #xyz ev0
           3.7500000000000000e+01  -1.6250000000000002e+00   7.0000000000000007e-01 -1 223 #xyz ev1 fid bid
   0   0.000000000000e+00   0.000000000000e+00   0.000000000000e+00 #flag location
END_ERR 
G3dErrFileVersion 2018P3.1
FlagFileMetaData Begin
   Mesh Size - Setup1, Refinement, Pass #2, Freq. 1.000000e+09 :Title    
   Listing of mesh elements with small segments. :ToolTip  
   hf3d :Author   
   1703058092 :TimeStamp
FlagFileMetaData End
BEGIN_ERR 
26 Small mesh segment detected on body : Radiation_box
 Small mesh segment detected on body : Radiation_box 
 Segment Statistics - Number of Segments : 1 --- Segment length(s) : 0.403044mm. The cutoff frequency for S-Matrix Only Solve is 2.398339664MHz 
3 -1  12  221  # nfids, fids[]
2 223  -1  # nbids, bids[]
      4 4 1 0 #ntets ntri ned npts
           5.2559523809523810e+01   0.0000000000000000e+00   7.0000000000000018e-01 #xyz tv0
           3.7500000000000000e+01  -1.6250000000000004e+00   1.0500000000000000e+00 #xyz tv1
           3.7500000000000000e+01  -2.0000000000000000e+00   7.0000000000000007e-01 #xyz tv2
           3.7500000000000000e+01  -1.4976851851851851e+00   6.6759259259259252e-01 -1 223 #xyz tv3 fid bid
           2.1500000000000000e+01  -2.9999999999999999e-01   0.0000000000000000e+00 #xyz tv0
           3.7500000000000000e+01  -2.0000000000000000e+00   7.0000000000000007e-01 #xyz tv1
           3.7500000000000000e+01  -1.6250000000000004e+00   1.0500000000000000e+00 #xyz tv2
           3.7500000000000000e+01  -1.4976851851851851e+00   6.6759259259259252e-01 -1 223 #xyz tv3 fid bid
           5.2559523809523810e+01   0.0000000000000000e+00   7.0000000000000018e-01 #xyz tv0
           3.7500000000000000e+01  -1.2500000000000000e+00   1.4000000000000001e+00 #xyz tv1
           3.7500000000000000e+01  -1.6250000000000004e+00   1.0500000000000000e+00 #xyz tv2
           3.7500000000000000e+01  -1.4976851851851851e+00   6.6759259259259252e-01 -1 223 #xyz tv3 fid bid
           3.7500000000000000e+01  -1.6250000000000004e+00   1.0500000000000000e+00 #xyz tv0
           2.1500000000000000e+01  -2.9999999999999999e-01   0.0000000000000000e+00 #xyz tv1
           3.7500000000000000e+01  -1.4976851851851851e+00   6.6759259259259252e-01 #xyz tv2
           3.7500000000000000e+01  -1.2500000000000000e+00   1.4000000000000001e+00 -1 223 #xyz tv3 fid bid
           3.7500000000000000e+01  -1.6250000000000004e+00   1.0500000000000000e+00 #xyz tv0
           3.7500000000000000e+01  -1.4976851851851851e+00   6.6759259259259252e-01 #xyz tv1
           3.7500000000000000e+01  -1.2500000000000000e+00   1.4000000000000001e+00 12 -1 #xyz tv2 fid bid
           3.7500000000000000e+01  -1.6250000000000004e+00   1.0500000000000000e+00 #xyz tv0
           3.7500000000000000e+01  -1.4976851851851851e+00   6.6759259259259252e-01 #xyz tv1
           3.7500000000000000e+01  -1.2500000000000000e+00   1.4000000000000001e+00 221 -1 #xyz tv2 fid bid
           3.7500000000000000e+01  -1.6250000000000004e+00   1.0500000000000000e+00 #xyz tv0
           3.7500000000000000e+01  -2.0000000000000000e+00   7.0000000000000007e-01 #xyz tv1
           3.7500000000000000e+01  -1.4976851851851851e+00   6.6759259259259252e-01 12 -1 #xyz tv2 fid bid
           3.7500000000000000e+01  -1.6250000000000004e+00   1.0500000000000000e+00 #xyz tv0
           3.7500000000000000e+01  -2.0000000000000000e+00   7.0000000000000007e-01 #xyz tv1
           3.7500000000000000e+01  -1.4976851851851851e+00   6.6759259259259252e-01 221 -1 #xyz tv2 fid bid
           3.7500000000000000e+01  -1.6250000000000004e+00   1.0500000000000000e+00 #xyz ev0
           3.7500000000000000e+01  -1.4976851851851851e+00   6.6759259259259252e-01 -1 223 #xyz ev1 fid bid
   0   0.000000000000e+00   0.000000000000e+00   0.000000000000e+00 #flag location
END_ERR 
G3dErrFileVersion 2018P3.1
FlagFileMetaData Begin
   Mesh Size - Setup1, Refinement, Pass #3, Freq. 1.000000e+09 :Title    
   Listing of mesh elements with small segments. :ToolTip  
   hf3d :Author   
   1703058095 :TimeStamp
FlagFileMetaData End
BEGIN_ERR 
26 Small mesh segment detected on body : Radiation_box
 Small mesh segment detected on body : Radiation_box 
 Segment Statistics - Number of Segments : 1 --- Segment length(s) : 0.300000mm. The cutoff frequency for S-Matrix Only Solve is 2.398339664MHz 
1 -1  # nfids, fids[]
1 223  # nbids, bids[]
      5 0 1 0 #ntets ntri ned npts
           5.0000000000000000e-01   2.9999999999999999e-01   0.0000000000000000e+00 #xyz tv0
           1.2000000000000000e+01  -1.4999999999999999e-01  -5.0000000000000000e+00 #xyz tv1
           2.1500000000000000e+01   2.9999999999999999e-01   0.0000000000000000e+00 #xyz tv2
           1.2000000000000000e+01   1.4999999999999999e-01  -5.0000000000000000e+00 -1 223 #xyz tv3 fid bid
           2.1500000000000000e+01   2.9999999999999999e-01   0.0000000000000000e+00 #xyz tv0
           3.7500000000000000e+01   0.0000000000000000e+00   4.3368086899420177e-16 #xyz tv1
           1.2000000000000000e+01   1.4999999999999999e-01  -5.0000000000000000e+00 #xyz tv2
           1.2000000000000000e+01  -1.4999999999999999e-01  -5.0000000000000000e+00 -1 223 #xyz tv3 fid bid
           1.2000000000000000e+01  -1.4999999999999999e-01  -5.0000000000000000e+00 #xyz tv0
           5.0000000000000000e-01   2.9999999999999999e-01   0.0000000000000000e+00 #xyz tv1
           6.2500000000000000e+00   6.5000000000000013e-01  -5.0000000000000000e+00 #xyz tv2
           1.2000000000000000e+01   1.4999999999999999e-01  -5.0000000000000000e+00 -1 223 #xyz tv3 fid bid
           3.7500000000000000e+01   0.0000000000000000e+00   4.3368086899420177e-16 #xyz tv0
           2.5000000000000000e+00   0.0000000000000000e+00  -1.0000000000000000e+01 #xyz tv1
           1.2000000000000000e+01   1.4999999999999999e-01  -5.0000000000000000e+00 #xyz tv2
           1.2000000000000000e+01  -1.4999999999999999e-01  -5.0000000000000000e+00 -1 223 #xyz tv3 fid bid
           2.5000000000000000e+00   0.0000000000000000e+00  -1.0000000000000000e+01 #xyz tv0
           1.2000000000000000e+01  -1.4999999999999999e-01  -5.0000000000000000e+00 #xyz tv1
           6.2500000000000000e+00   6.5000000000000013e-01  -5.0000000000000000e+00 #xyz tv2
           1.2000000000000000e+01   1.4999999999999999e-01  -5.0000000000000000e+00 -1 223 #xyz tv3 fid bid
           1.2000000000000000e+01   1.4999999999999999e-01  -5.0000000000000000e+00 #xyz ev0
           1.2000000000000000e+01  -1.4999999999999999e-01  -5.0000000000000000e+00 -1 223 #xyz ev1 fid bid
   0   0.000000000000e+00   0.000000000000e+00   0.000000000000e+00 #flag location
END_ERR 
G3dErrFileVersion 2018P3.1
FlagFileMetaData Begin
   Mesh Size - Setup1, Refinement, Pass #4, Freq. 1.000000e+09 :Title    
   Listing of mesh elements with small segments. :ToolTip  
   hf3d :Author   
   1703058097 :TimeStamp
FlagFileMetaData End
BEGIN_ERR 
26 Small mesh segment detected on body : Radiation_box
 Small mesh segment detected on body : Radiation_box 
 Segment Statistics - Number of Segments : 1 --- Segment length(s) : 0.300000mm. The cutoff frequency for S-Matrix Only Solve is 2.398339664MHz 
1 -1  # nfids, fids[]
1 223  # nbids, bids[]
      5 0 1 0 #ntets ntri ned npts
           6.2500000000000000e+00   6.5000000000000013e-01  -5.0000000000000000e+00 #xyz tv0
           1.2000000000000000e+01  -1.4999999999999999e-01  -5.0000000000000000e+00 #xyz tv1
           8.8515625000000000e+00   1.3000000000000003e+00   0.0000000000000000e+00 #xyz tv2
           1.2000000000000000e+01   1.4999999999999999e-01  -5.0000000000000000e+00 -1 223 #xyz tv3 fid bid
           1.2000000000000000e+01  -1.4999999999999999e-01  -5.0000000000000000e+00 #xyz tv0
           1.6750000000000000e+01  -2.2500000000000001e-01  -2.5000000000000000e+00 #xyz tv1
           8.8515625000000000e+00   1.3000000000000003e+00   0.0000000000000000e+00 #xyz tv2
           1.2000000000000000e+01   1.4999999999999999e-01  -5.0000000000000000e+00 -1 223 #xyz tv3 fid bid
           2.5000000000000000e+00   0.0000000000000000e+00  -1.0000000000000000e+01 #xyz tv0
           1.2000000000000000e+01  -1.4999999999999999e-01  -5.0000000000000000e+00 #xyz tv1
           6.2500000000000000e+00   6.5000000000000013e-01  -5.0000000000000000e+00 #xyz tv2
           1.2000000000000000e+01   1.4999999999999999e-01  -5.0000000000000000e+00 -1 223 #xyz tv3 fid bid
           1.2000000000000000e+01   1.4999999999999999e-01  -5.0000000000000000e+00 #xyz tv0
           1.6750000000000000e+01  -2.2500000000000001e-01  -2.5000000000000000e+00 #xyz tv1
           3.7500000000000000e+01   0.0000000000000000e+00   4.3368086899420177e-16 #xyz tv2
           1.2000000000000000e+01  -1.4999999999999999e-01  -5.0000000000000000e+00 -1 223 #xyz tv3 fid bid
           3.7500000000000000e+01   0.0000000000000000e+00   4.3368086899420177e-16 #xyz tv0
           2.5000000000000000e+00   0.0000000000000000e+00  -1.0000000000000000e+01 #xyz tv1
           1.2000000000000000e+01   1.4999999999999999e-01  -5.0000000000000000e+00 #xyz tv2
           1.2000000000000000e+01  -1.4999999999999999e-01  -5.0000000000000000e+00 -1 223 #xyz tv3 fid bid
           1.2000000000000000e+01   1.4999999999999999e-01  -5.0000000000000000e+00 #xyz ev0
           1.2000000000000000e+01  -1.4999999999999999e-01  -5.0000000000000000e+00 -1 223 #xyz ev1 fid bid
   0   0.000000000000e+00   0.000000000000e+00   0.000000000000e+00 #flag location
END_ERR 
G3dErrFileVersion 2018P3.1
FlagFileMetaData Begin
   Mesh Size - Setup1, Refinement, Pass #5, Freq. 1.000000e+09 :Title    
   Listing of mesh elements with small segments. :ToolTip  
   hf3d :Author   
   1703058100 :TimeStamp
FlagFileMetaData End
BEGIN_ERR 
26 Small mesh segment detected on body : Radiation_box
 Small mesh segment detected on body : Radiation_box 
 Segment Statistics - Number of Segments : 1 --- Segment length(s) : 0.442274mm. The cutoff frequency for S-Matrix Only Solve is 2.398339664MHz 
3 -1  12  221  # nfids, fids[]
2 223  -1  # nbids, bids[]
      4 4 1 0 #ntets ntri ned npts
           5.2559523809523810e+01   0.0000000000000000e+00   7.0000000000000018e-01 #xyz tv0
           3.7500000000000000e+01  -1.6250000000000011e+00   1.0500000000000000e+00 #xyz tv1
           3.7500000000000000e+01  -2.0000000000000000e+00   7.0000000000000007e-01 #xyz tv2
           3.7500000000000000e+01  -1.4244897344735508e+00   6.5578980748955740e-01 -1 223 #xyz tv3 fid bid
           5.2559523809523810e+01   0.0000000000000000e+00   7.0000000000000018e-01 #xyz tv0
           3.7500000000000000e+01  -1.2500000000000000e+00   1.4000000000000001e+00 #xyz tv1
           3.7500000000000000e+01  -1.6250000000000011e+00   1.0500000000000000e+00 #xyz tv2
           3.7500000000000000e+01  -1.4244897344735508e+00   6.5578980748955740e-01 -1 223 #xyz tv3 fid bid
           3.7500000000000000e+01  -1.4244897344735508e+00   6.5578980748955740e-01 #xyz tv0
           3.7500000000000000e+01  -2.0000000000000000e+00   7.0000000000000007e-01 #xyz tv1
           2.3764969781041145e+01  -1.2500000000000000e+00   1.4000000000000001e+00 #xyz tv2
           3.7500000000000000e+01  -1.6250000000000011e+00   1.0500000000000000e+00 -1 223 #xyz tv3 fid bid
           3.7500000000000000e+01  -1.4244897344735508e+00   6.5578980748955740e-01 #xyz tv0
           2.3764969781041145e+01  -1.2500000000000000e+00   1.4000000000000001e+00 #xyz tv1
           3.7500000000000000e+01  -1.2500000000000000e+00   1.4000000000000001e+00 #xyz tv2
           3.7500000000000000e+01  -1.6250000000000011e+00   1.0500000000000000e+00 -1 223 #xyz tv3 fid bid
           3.7500000000000000e+01  -1.6250000000000011e+00   1.0500000000000000e+00 #xyz tv0
           3.7500000000000000e+01  -1.4244897344735508e+00   6.5578980748955740e-01 #xyz tv1
           3.7500000000000000e+01  -1.2500000000000000e+00   1.4000000000000001e+00 12 -1 #xyz tv2 fid bid
           3.7500000000000000e+01  -1.6250000000000011e+00   1.0500000000000000e+00 #xyz tv0
           3.7500000000000000e+01  -1.4244897344735508e+00   6.5578980748955740e-01 #xyz tv1
           3.7500000000000000e+01  -1.2500000000000000e+00   1.4000000000000001e+00 221 -1 #xyz tv2 fid bid
           3.7500000000000000e+01  -1.6250000000000011e+00   1.0500000000000000e+00 #xyz tv0
           3.7500000000000000e+01  -2.0000000000000000e+00   7.0000000000000007e-01 #xyz tv1
           3.7500000000000000e+01  -1.4244897344735508e+00   6.5578980748955740e-01 12 -1 #xyz tv2 fid bid
           3.7500000000000000e+01  -1.6250000000000011e+00   1.0500000000000000e+00 #xyz tv0
           3.7500000000000000e+01  -2.0000000000000000e+00   7.0000000000000007e-01 #xyz tv1
           3.7500000000000000e+01  -1.4244897344735508e+00   6.5578980748955740e-01 221 -1 #xyz tv2 fid bid
           3.7500000000000000e+01  -1.6250000000000011e+00   1.0500000000000000e+00 #xyz ev0
           3.7500000000000000e+01  -1.4244897344735508e+00   6.5578980748955740e-01 -1 223 #xyz ev1 fid bid
   0   0.000000000000e+00   0.000000000000e+00   0.000000000000e+00 #flag location
END_ERR 
G3dErrFileVersion 2018P3.1
FlagFileMetaData Begin
   Mesh Size - Setup1, Refinement, Pass #6, Freq. 1.000000e+09 :Title    
   Listing of mesh elements with small segments. :ToolTip  
   hf3d :Author   
   1703058102 :TimeStamp
FlagFileMetaData End
BEGIN_ERR 
26 Small mesh segment detected on body : Radiation_box
 Small mesh segment detected on body : Radiation_box 
 Segment Statistics - Number of Segments : 1 --- Segment length(s) : 0.451412mm. The cutoff frequency for S-Matrix Only Solve is 2.398339664MHz 
3 -1  12  221  # nfids, fids[]
2 223  -1  # nbids, bids[]
      4 4 1 0 #ntets ntri ned npts
           5.2559523809523810e+01   0.0000000000000000e+00   7.0000000000000018e-01 #xyz tv0
           3.7500000000000000e+01  -1.6250000000000013e+00   1.0500000000000000e+00 #xyz tv1
           3.7500000000000000e+01  -2.0000000000000000e+00   7.0000000000000007e-01 #xyz tv2
           3.7500000000000000e+01  -1.4048410824215918e+00   6.5591484979459924e-01 -1 223 #xyz tv3 fid bid
           5.2559523809523810e+01   0.0000000000000000e+00   7.0000000000000018e-01 #xyz tv0
           3.7500000000000000e+01  -1.2500000000000000e+00   1.4000000000000001e+00 #xyz tv1
           3.7500000000000000e+01  -1.6250000000000013e+00   1.0500000000000000e+00 #xyz tv2
           3.7500000000000000e+01  -1.4048410824215918e+00   6.5591484979459924e-01 -1 223 #xyz tv3 fid bid
           3.7500000000000000e+01  -1.4048410824215918e+00   6.5591484979459924e-01 #xyz tv0
           3.7500000000000000e+01  -2.0000000000000000e+00   7.0000000000000007e-01 #xyz tv1
           2.3764969781041145e+01  -1.2500000000000000e+00   1.4000000000000001e+00 #xyz tv2
           3.7500000000000000e+01  -1.6250000000000013e+00   1.0500000000000000e+00 -1 223 #xyz tv3 fid bid
           3.7500000000000000e+01  -1.4048410824215918e+00   6.5591484979459924e-01 #xyz tv0
           2.3764969781041145e+01  -1.2500000000000000e+00   1.4000000000000001e+00 #xyz tv1
           3.7500000000000000e+01  -1.2500000000000000e+00   1.4000000000000001e+00 #xyz tv2
           3.7500000000000000e+01  -1.6250000000000013e+00   1.0500000000000000e+00 -1 223 #xyz tv3 fid bid
           3.7500000000000000e+01  -1.6250000000000013e+00   1.0500000000000000e+00 #xyz tv0
           3.7500000000000000e+01  -1.4048410824215918e+00   6.5591484979459924e-01 #xyz tv1
           3.7500000000000000e+01  -1.2500000000000000e+00   1.4000000000000001e+00 12 -1 #xyz tv2 fid bid
           3.7500000000000000e+01  -1.6250000000000013e+00   1.0500000000000000e+00 #xyz tv0
           3.7500000000000000e+01  -1.4048410824215918e+00   6.5591484979459924e-01 #xyz tv1
           3.7500000000000000e+01  -1.2500000000000000e+00   1.4000000000000001e+00 221 -1 #xyz tv2 fid bid
           3.7500000000000000e+01  -1.6250000000000013e+00   1.0500000000000000e+00 #xyz tv0
           3.7500000000000000e+01  -2.0000000000000000e+00   7.0000000000000007e-01 #xyz tv1
           3.7500000000000000e+01  -1.4048410824215918e+00   6.5591484979459924e-01 12 -1 #xyz tv2 fid bid
           3.7500000000000000e+01  -1.6250000000000013e+00   1.0500000000000000e+00 #xyz tv0
           3.7500000000000000e+01  -2.0000000000000000e+00   7.0000000000000007e-01 #xyz tv1
           3.7500000000000000e+01  -1.4048410824215918e+00   6.5591484979459924e-01 221 -1 #xyz tv2 fid bid
           3.7500000000000000e+01  -1.6250000000000013e+00   1.0500000000000000e+00 #xyz ev0
           3.7500000000000000e+01  -1.4048410824215918e+00   6.5591484979459924e-01 -1 223 #xyz ev1 fid bid
   0   0.000000000000e+00   0.000000000000e+00   0.000000000000e+00 #flag location
END_ERR 
G3dErrFileVersion 2018P3.1
FlagFileMetaData Begin
   Mesh Size - Setup1, Refinement, Pass #1, Freq. 1.000000e+09 :Title    
   Listing of mesh elements with small segments. :ToolTip  
   hf3d :Author   
   1703063905 :TimeStamp
FlagFileMetaData End
BEGIN_ERR 
26 Small mesh segment detected on body : Radiation_box
 Small mesh segment detected on body : Radiation_box 
 Segment Statistics - Number of Segments : 1 --- Segment length(s) : 0.350000mm. The cutoff frequency for S-Matrix Only Solve is 2.398339664MHz 
3 -1  12  221  # nfids, fids[]
2 223  -1  # nbids, bids[]
      4 4 1 0 #ntets ntri ned npts
           3.7500000000000000e+01  -1.6250000000000002e+00   1.0500000000000000e+00 #xyz tv0
           3.7500000000000000e+01  -2.0000000000000000e+00   7.0000000000000007e-01 #xyz tv1
           5.2559523809523810e+01   0.0000000000000000e+00   7.0000000000000018e-01 #xyz tv2
           3.7500000000000000e+01  -1.6250000000000002e+00   7.0000000000000007e-01 -1 223 #xyz tv3 fid bid
           3.7500000000000000e+01  -6.2500000000000000e-01   7.0000000000000029e-01 #xyz tv0
           3.7500000000000000e+01  -1.6250000000000002e+00   1.0500000000000000e+00 #xyz tv1
           5.2559523809523810e+01   0.0000000000000000e+00   7.0000000000000018e-01 #xyz tv2
           3.7500000000000000e+01  -1.6250000000000002e+00   7.0000000000000007e-01 -1 223 #xyz tv3 fid bid
           2.1500000000000000e+01  -2.9999999999999999e-01   0.0000000000000000e+00 #xyz tv0
           3.7500000000000000e+01  -2.0000000000000000e+00   7.0000000000000007e-01 #xyz tv1
           3.7500000000000000e+01  -1.6250000000000002e+00   1.0500000000000000e+00 #xyz tv2
           3.7500000000000000e+01  -1.6250000000000002e+00   7.0000000000000007e-01 -1 223 #xyz tv3 fid bid
           3.7500000000000000e+01  -6.2500000000000000e-01   7.0000000000000029e-01 #xyz tv0
           2.1500000000000000e+01  -2.9999999999999999e-01   0.0000000000000000e+00 #xyz tv1
           3.7500000000000000e+01  -1.6250000000000002e+00   1.0500000000000000e+00 #xyz tv2
           3.7500000000000000e+01  -1.6250000000000002e+00   7.0000000000000007e-01 -1 223 #xyz tv3 fid bid
           3.7500000000000000e+01  -6.2500000000000000e-01   7.0000000000000029e-01 #xyz tv0
           3.7500000000000000e+01  -1.6250000000000002e+00   1.0500000000000000e+00 #xyz tv1
           3.7500000000000000e+01  -1.6250000000000002e+00   7.0000000000000007e-01 12 -1 #xyz tv2 fid bid
           3.7500000000000000e+01  -6.2500000000000000e-01   7.0000000000000029e-01 #xyz tv0
           3.7500000000000000e+01  -1.6250000000000002e+00   1.0500000000000000e+00 #xyz tv1
           3.7500000000000000e+01  -1.6250000000000002e+00   7.0000000000000007e-01 221 -1 #xyz tv2 fid bid
           3.7500000000000000e+01  -1.6250000000000002e+00   1.0500000000000000e+00 #xyz tv0
           3.7500000000000000e+01  -2.0000000000000000e+00   7.0000000000000007e-01 #xyz tv1
           3.7500000000000000e+01  -1.6250000000000002e+00   7.0000000000000007e-01 12 -1 #xyz tv2 fid bid
           3.7500000000000000e+01  -1.6250000000000002e+00   1.0500000000000000e+00 #xyz tv0
           3.7500000000000000e+01  -2.0000000000000000e+00   7.0000000000000007e-01 #xyz tv1
           3.7500000000000000e+01  -1.6250000000000002e+00   7.0000000000000007e-01 221 -1 #xyz tv2 fid bid
           3.7500000000000000e+01  -1.6250000000000002e+00   1.0500000000000000e+00 #xyz ev0
           3.7500000000000000e+01  -1.6250000000000002e+00   7.0000000000000007e-01 -1 223 #xyz ev1 fid bid
   0   0.000000000000e+00   0.000000000000e+00   0.000000000000e+00 #flag location
END_ERR 
G3dErrFileVersion 2018P3.1
FlagFileMetaData Begin
   Mesh Size - Setup1, Refinement, Pass #2, Freq. 1.000000e+09 :Title    
   Listing of mesh elements with small segments. :ToolTip  
   hf3d :Author   
   1703063908 :TimeStamp
FlagFileMetaData End
BEGIN_ERR 
26 Small mesh segment detected on body : Radiation_box
 Small mesh segment detected on body : Radiation_box 
 Segment Statistics - Number of Segments : 1 --- Segment length(s) : 0.438311mm. The cutoff frequency for S-Matrix Only Solve is 2.398339664MHz 
3 -1  12  221  # nfids, fids[]
2 223  -1  # nbids, bids[]
      4 4 1 0 #ntets ntri ned npts
           3.7500000000000000e+01  -1.5768518518518524e+00   1.0188888888888890e+00 #xyz tv0
           3.7500000000000000e+01  -2.0000000000000000e+00   7.0000000000000007e-01 #xyz tv1
           5.2559523809523810e+01   0.0000000000000000e+00   7.0000000000000018e-01 #xyz tv2
           3.7500000000000000e+01  -1.5277777777777777e+00   5.8333333333333348e-01 -1 223 #xyz tv3 fid bid
           3.7500000000000000e+01  -6.2500000000000000e-01   7.0000000000000029e-01 #xyz tv0
           3.7500000000000000e+01  -1.5768518518518524e+00   1.0188888888888890e+00 #xyz tv1
           5.2559523809523810e+01   0.0000000000000000e+00   7.0000000000000018e-01 #xyz tv2
           3.7500000000000000e+01  -1.5277777777777777e+00   5.8333333333333348e-01 -1 223 #xyz tv3 fid bid
           2.1500000000000000e+01  -2.9999999999999999e-01   0.0000000000000000e+00 #xyz tv0
           3.7500000000000000e+01  -2.0000000000000000e+00   7.0000000000000007e-01 #xyz tv1
           3.7500000000000000e+01  -1.5768518518518524e+00   1.0188888888888890e+00 #xyz tv2
           3.7500000000000000e+01  -1.5277777777777777e+00   5.8333333333333348e-01 -1 223 #xyz tv3 fid bid
           3.7500000000000000e+01  -6.2500000000000000e-01   7.0000000000000029e-01 #xyz tv0
           2.1500000000000000e+01  -2.9999999999999999e-01   0.0000000000000000e+00 #xyz tv1
           3.7500000000000000e+01  -1.5768518518518524e+00   1.0188888888888890e+00 #xyz tv2
           3.7500000000000000e+01  -1.5277777777777777e+00   5.8333333333333348e-01 -1 223 #xyz tv3 fid bid
           3.7500000000000000e+01  -6.2500000000000000e-01   7.0000000000000029e-01 #xyz tv0
           3.7500000000000000e+01  -1.5768518518518524e+00   1.0188888888888890e+00 #xyz tv1
           3.7500000000000000e+01  -1.5277777777777777e+00   5.8333333333333348e-01 12 -1 #xyz tv2 fid bid
           3.7500000000000000e+01  -6.2500000000000000e-01   7.0000000000000029e-01 #xyz tv0
           3.7500000000000000e+01  -1.5768518518518524e+00   1.0188888888888890e+00 #xyz tv1
           3.7500000000000000e+01  -1.5277777777777777e+00   5.8333333333333348e-01 221 -1 #xyz tv2 fid bid
           3.7500000000000000e+01  -1.5768518518518524e+00   1.0188888888888890e+00 #xyz tv0
           3.7500000000000000e+01  -2.0000000000000000e+00   7.0000000000000007e-01 #xyz tv1
           3.7500000000000000e+01  -1.5277777777777777e+00   5.8333333333333348e-01 12 -1 #xyz tv2 fid bid
           3.7500000000000000e+01  -1.5768518518518524e+00   1.0188888888888890e+00 #xyz tv0
           3.7500000000000000e+01  -2.0000000000000000e+00   7.0000000000000007e-01 #xyz tv1
           3.7500000000000000e+01  -1.5277777777777777e+00   5.8333333333333348e-01 221 -1 #xyz tv2 fid bid
           3.7500000000000000e+01  -1.5768518518518524e+00   1.0188888888888890e+00 #xyz ev0
           3.7500000000000000e+01  -1.5277777777777777e+00   5.8333333333333348e-01 -1 223 #xyz ev1 fid bid
   0   0.000000000000e+00   0.000000000000e+00   0.000000000000e+00 #flag location
END_ERR 
G3dErrFileVersion 2018P3.1
FlagFileMetaData Begin
   Mesh Size - Setup1, Refinement, Pass #3, Freq. 1.000000e+09 :Title    
   Listing of mesh elements with small segments. :ToolTip  
   hf3d :Author   
   1703063910 :TimeStamp
FlagFileMetaData End
BEGIN_ERR 
26 Small mesh segment detected on body : Radiation_box
 Small mesh segment detected on body : Radiation_box 
 Segment Statistics - Number of Segments : 1 --- Segment length(s) : 0.500223mm. The cutoff frequency for S-Matrix Only Solve is 2.398339664MHz 
3 -1  10  209  # nfids, fids[]
2 223  -1  # nbids, bids[]
      4 4 1 0 #ntets ntri ned npts
          -3.7500000000000000e+01   2.0000000000000000e+00   7.0000000000000051e-01 #xyz tv0
          -4.9821428571428569e+01   0.0000000000000000e+00   7.0000000000000018e-01 #xyz tv1
          -3.7500000000000000e+01   1.4997774738728840e+00   7.0000000000000051e-01 #xyz tv2
          -3.7500000000000000e+01   2.0000000000000000e+00   8.6736173798840414e-16 -1 223 #xyz tv3 fid bid
          -3.7500000000000000e+01   2.0000000000000000e+00   7.0000000000000051e-01 #xyz tv0
          -3.7500000000000000e+01   1.4997774738728840e+00   7.0000000000000051e-01 #xyz tv1
          -4.9821428571428569e+01   0.0000000000000000e+00   7.0000000000000018e-01 #xyz tv2
          -3.7500000000000000e+01   2.0000000000000000e+00   1.4000000000000001e+00 -1 223 #xyz tv3 fid bid
          -3.7500000000000000e+01   2.0000000000000000e+00   7.0000000000000051e-01 #xyz tv0
          -3.7500000000000000e+01   1.4997774738728840e+00   7.0000000000000051e-01 #xyz tv1
          -2.1500000000000000e+01   1.3000000000000003e+00   0.0000000000000000e+00 #xyz tv2
          -3.7500000000000000e+01   2.0000000000000000e+00   8.6736173798840414e-16 -1 223 #xyz tv3 fid bid
          -3.7500000000000000e+01   2.0000000000000000e+00   7.0000000000000051e-01 #xyz tv0
          -2.1500000000000000e+01   1.3000000000000003e+00   0.0000000000000000e+00 #xyz tv1
          -3.7500000000000000e+01   1.4997774738728840e+00   7.0000000000000051e-01 #xyz tv2
          -3.7500000000000000e+01   2.0000000000000000e+00   1.4000000000000001e+00 -1 223 #xyz tv3 fid bid
          -3.7500000000000000e+01   2.0000000000000000e+00   7.0000000000000051e-01 #xyz tv0
          -3.7500000000000000e+01   1.4997774738728840e+00   7.0000000000000051e-01 #xyz tv1
          -3.7500000000000000e+01   2.0000000000000000e+00   1.4000000000000001e+00 10 -1 #xyz tv2 fid bid
          -3.7500000000000000e+01   2.0000000000000000e+00   7.0000000000000051e-01 #xyz tv0
          -3.7500000000000000e+01   1.4997774738728840e+00   7.0000000000000051e-01 #xyz tv1
          -3.7500000000000000e+01   2.0000000000000000e+00   1.4000000000000001e+00 209 -1 #xyz tv2 fid bid
          -3.7500000000000000e+01   2.0000000000000000e+00   7.0000000000000051e-01 #xyz tv0
          -3.7500000000000000e+01   2.0000000000000000e+00   8.6736173798840414e-16 #xyz tv1
          -3.7500000000000000e+01   1.4997774738728840e+00   7.0000000000000051e-01 10 -1 #xyz tv2 fid bid
          -3.7500000000000000e+01   2.0000000000000000e+00   7.0000000000000051e-01 #xyz tv0
          -3.7500000000000000e+01   2.0000000000000000e+00   8.6736173798840414e-16 #xyz tv1
          -3.7500000000000000e+01   1.4997774738728840e+00   7.0000000000000051e-01 209 -1 #xyz tv2 fid bid
          -3.7500000000000000e+01   2.0000000000000000e+00   7.0000000000000051e-01 #xyz ev0
          -3.7500000000000000e+01   1.4997774738728840e+00   7.0000000000000051e-01 -1 223 #xyz ev1 fid bid
   0   0.000000000000e+00   0.000000000000e+00   0.000000000000e+00 #flag location
END_ERR 
G3dErrFileVersion 2018P3.1
FlagFileMetaData Begin
   Mesh Size - Setup1, Refinement, Pass #4, Freq. 1.000000e+09 :Title    
   Listing of mesh elements with small segments. :ToolTip  
   hf3d :Author   
   1703063913 :TimeStamp
FlagFileMetaData End
BEGIN_ERR 
26 Small mesh segment detected on body : Radiation_box
 Small mesh segment detected on body : Radiation_box 
 Segment Statistics - Number of Segments : 1 --- Segment length(s) : 0.500223mm. The cutoff frequency for S-Matrix Only Solve is 2.398339664MHz 
3 -1  10  209  # nfids, fids[]
2 223  -1  # nbids, bids[]
      4 4 1 0 #ntets ntri ned npts
          -3.7500000000000000e+01   2.0000000000000000e+00   7.0000000000000051e-01 #xyz tv0
          -4.9821428571428569e+01   0.0000000000000000e+00   7.0000000000000018e-01 #xyz tv1
          -3.7500000000000000e+01   1.4997774738728840e+00   7.0000000000000051e-01 #xyz tv2
          -3.7500000000000000e+01   2.0000000000000000e+00   8.6736173798840414e-16 -1 223 #xyz tv3 fid bid
          -3.7500000000000000e+01   2.0000000000000000e+00   7.0000000000000051e-01 #xyz tv0
          -3.7500000000000000e+01   1.4997774738728840e+00   7.0000000000000051e-01 #xyz tv1
          -4.9821428571428569e+01   0.0000000000000000e+00   7.0000000000000018e-01 #xyz tv2
          -3.7500000000000000e+01   2.0000000000000000e+00   1.4000000000000001e+00 -1 223 #xyz tv3 fid bid
          -3.7500000000000000e+01   1.4997774738728840e+00   7.0000000000000051e-01 #xyz tv0
          -3.7500000000000000e+01   2.0000000000000000e+00   8.6736173798840414e-16 #xyz tv1
          -2.9296875000000000e+01   2.7500000000000000e+00   1.4000000000000001e+00 #xyz tv2
          -3.7500000000000000e+01   2.0000000000000000e+00   7.0000000000000051e-01 -1 223 #xyz tv3 fid bid
          -3.7500000000000000e+01   1.4997774738728840e+00   7.0000000000000051e-01 #xyz tv0
          -3.7500000000000000e+01   2.0000000000000000e+00   7.0000000000000051e-01 #xyz tv1
          -2.9296875000000000e+01   2.7500000000000000e+00   1.4000000000000001e+00 #xyz tv2
          -3.7500000000000000e+01   2.0000000000000000e+00   1.4000000000000001e+00 -1 223 #xyz tv3 fid bid
          -3.7500000000000000e+01   2.0000000000000000e+00   7.0000000000000051e-01 #xyz tv0
          -3.7500000000000000e+01   1.4997774738728840e+00   7.0000000000000051e-01 #xyz tv1
          -3.7500000000000000e+01   2.0000000000000000e+00   1.4000000000000001e+00 10 -1 #xyz tv2 fid bid
          -3.7500000000000000e+01   2.0000000000000000e+00   7.0000000000000051e-01 #xyz tv0
          -3.7500000000000000e+01   1.4997774738728840e+00   7.0000000000000051e-01 #xyz tv1
          -3.7500000000000000e+01   2.0000000000000000e+00   1.4000000000000001e+00 209 -1 #xyz tv2 fid bid
          -3.7500000000000000e+01   2.0000000000000000e+00   7.0000000000000051e-01 #xyz tv0
          -3.7500000000000000e+01   2.0000000000000000e+00   8.6736173798840414e-16 #xyz tv1
          -3.7500000000000000e+01   1.4997774738728840e+00   7.0000000000000051e-01 10 -1 #xyz tv2 fid bid
          -3.7500000000000000e+01   2.0000000000000000e+00   7.0000000000000051e-01 #xyz tv0
          -3.7500000000000000e+01   2.0000000000000000e+00   8.6736173798840414e-16 #xyz tv1
          -3.7500000000000000e+01   1.4997774738728840e+00   7.0000000000000051e-01 209 -1 #xyz tv2 fid bid
          -3.7500000000000000e+01   2.0000000000000000e+00   7.0000000000000051e-01 #xyz ev0
          -3.7500000000000000e+01   1.4997774738728840e+00   7.0000000000000051e-01 -1 223 #xyz ev1 fid bid
   0   0.000000000000e+00   0.000000000000e+00   0.000000000000e+00 #flag location
END_ERR 
G3dErrFileVersion 2018P3.1
FlagFileMetaData Begin
   Mesh Size - Setup1, Refinement, Pass #5, Freq. 1.000000e+09 :Title    
   Listing of mesh elements with small segments. :ToolTip  
   hf3d :Author   
   1703063915 :TimeStamp
FlagFileMetaData End
BEGIN_ERR 
26 Small mesh segment detected on body : Radiation_box
 Small mesh segment detected on body : Radiation_box 
 Segment Statistics - Number of Segments : 1 --- Segment length(s) : 0.500223mm. The cutoff frequency for S-Matrix Only Solve is 2.398339664MHz 
3 -1  10  209  # nfids, fids[]
2 223  -1  # nbids, bids[]
      4 4 1 0 #ntets ntri ned npts
          -3.7500000000000000e+01   2.0000000000000000e+00   7.0000000000000051e-01 #xyz tv0
          -4.9821428571428569e+01   0.0000000000000000e+00   7.0000000000000018e-01 #xyz tv1
          -3.7500000000000000e+01   1.4997774738728840e+00   7.0000000000000051e-01 #xyz tv2
          -3.7500000000000000e+01   2.0000000000000000e+00   8.6736173798840414e-16 -1 223 #xyz tv3 fid bid
          -3.7500000000000000e+01   2.0000000000000000e+00   7.0000000000000051e-01 #xyz tv0
          -3.7500000000000000e+01   1.4997774738728840e+00   7.0000000000000051e-01 #xyz tv1
          -4.9821428571428569e+01   0.0000000000000000e+00   7.0000000000000018e-01 #xyz tv2
          -3.7500000000000000e+01   2.0000000000000000e+00   1.4000000000000001e+00 -1 223 #xyz tv3 fid bid
          -3.7500000000000000e+01   1.4997774738728840e+00   7.0000000000000051e-01 #xyz tv0
          -3.7500000000000000e+01   2.0000000000000000e+00   8.6736173798840414e-16 #xyz tv1
          -2.8866755962371826e+01   2.7500000000000000e+00   1.4000000000000001e+00 #xyz tv2
          -3.7500000000000000e+01   2.0000000000000000e+00   7.0000000000000051e-01 -1 223 #xyz tv3 fid bid
          -3.7500000000000000e+01   1.4997774738728840e+00   7.0000000000000051e-01 #xyz tv0
          -3.7500000000000000e+01   2.0000000000000000e+00   7.0000000000000051e-01 #xyz tv1
          -2.8866755962371826e+01   2.7500000000000000e+00   1.4000000000000001e+00 #xyz tv2
          -3.7500000000000000e+01   2.0000000000000000e+00   1.4000000000000001e+00 -1 223 #xyz tv3 fid bid
          -3.7500000000000000e+01   2.0000000000000000e+00   7.0000000000000051e-01 #xyz tv0
          -3.7500000000000000e+01   1.4997774738728840e+00   7.0000000000000051e-01 #xyz tv1
          -3.7500000000000000e+01   2.0000000000000000e+00   1.4000000000000001e+00 10 -1 #xyz tv2 fid bid
          -3.7500000000000000e+01   2.0000000000000000e+00   7.0000000000000051e-01 #xyz tv0
          -3.7500000000000000e+01   1.4997774738728840e+00   7.0000000000000051e-01 #xyz tv1
          -3.7500000000000000e+01   2.0000000000000000e+00   1.4000000000000001e+00 209 -1 #xyz tv2 fid bid
          -3.7500000000000000e+01   2.0000000000000000e+00   7.0000000000000051e-01 #xyz tv0
          -3.7500000000000000e+01   2.0000000000000000e+00   8.6736173798840414e-16 #xyz tv1
          -3.7500000000000000e+01   1.4997774738728840e+00   7.0000000000000051e-01 10 -1 #xyz tv2 fid bid
          -3.7500000000000000e+01   2.0000000000000000e+00   7.0000000000000051e-01 #xyz tv0
          -3.7500000000000000e+01   2.0000000000000000e+00   8.6736173798840414e-16 #xyz tv1
          -3.7500000000000000e+01   1.4997774738728840e+00   7.0000000000000051e-01 209 -1 #xyz tv2 fid bid
          -3.7500000000000000e+01   2.0000000000000000e+00   7.0000000000000051e-01 #xyz ev0
          -3.7500000000000000e+01   1.4997774738728840e+00   7.0000000000000051e-01 -1 223 #xyz ev1 fid bid
   0   0.000000000000e+00   0.000000000000e+00   0.000000000000e+00 #flag location
END_ERR 
G3dErrFileVersion 2018P3.1
FlagFileMetaData Begin
   Mesh Size - Setup1, Refinement, Pass #6, Freq. 1.000000e+09 :Title    
   Listing of mesh elements with small segments. :ToolTip  
   hf3d :Author   
   1703063918 :TimeStamp
FlagFileMetaData End
BEGIN_ERR 
26 Small mesh segment detected on body : Radiation_box
 Small mesh segment detected on body : Radiation_box 
 Segment Statistics - Number of Segments : 1 --- Segment length(s) : 0.494894mm. The cutoff frequency for S-Matrix Only Solve is 2.398339664MHz 
3 -1  12  221  # nfids, fids[]
2 223  -1  # nbids, bids[]
      4 4 1 0 #ntets ntri ned npts
           3.7500000000000000e+01  -1.5377455233857176e+00   9.9735498398526112e-01 #xyz tv0
           3.7500000000000000e+01  -1.2500000000000000e+00   1.4000000000000001e+00 #xyz tv1
           5.2559523809523810e+01   0.0000000000000000e+00   7.0000000000000018e-01 #xyz tv2
           3.7500000000000000e+01  -2.0000000000000000e+00   1.4000000000000001e+00 -1 223 #xyz tv3 fid bid
           3.7500000000000000e+01  -1.5377455233857176e+00   9.9735498398526112e-01 #xyz tv0
           3.0322265625000000e+01  -2.7500000000000000e+00   1.4000000000000001e+00 #xyz tv1
           3.7500000000000000e+01  -1.2500000000000000e+00   1.4000000000000001e+00 #xyz tv2
           3.7500000000000000e+01  -2.0000000000000000e+00   1.4000000000000001e+00 -1 223 #xyz tv3 fid bid
           3.7500000000000000e+01  -6.0107961562692513e-01   7.8229357044993364e-01 #xyz tv0
           5.2559523809523810e+01   0.0000000000000000e+00   7.0000000000000018e-01 #xyz tv1
           3.7500000000000000e+01  -1.5377455233857176e+00   9.9735498398526112e-01 #xyz tv2
