G3dErrFileVersion 2018P3.1
FlagFileMetaData Begin
   Mesh Size - Setup1, Refinement, Pass #1, Freq. 1.000000e+09 :Title    
   Listing of mesh elements with small segments. :ToolTip  
   hf3d :Author   
   1701879000 :TimeStamp
FlagFileMetaData End
BEGIN_ERR 
26 Small mesh segment detected on body : Radiation_box
 Small mesh segment detected on body : Radiation_box 
 Segment Statistics - Number of Segments : 1 --- Segment length(s) : 0.750000mm. The cutoff frequency for S-Matrix Only Solve is 3.25861367391304MHz 
5 -1  7  83  12  107  # nfids, fids[]
2 109  -1  # nbids, bids[]
      4 4 1 0 #ntets ntri ned npts
           7.7259927001835308e+01   2.2650400835579621e+01   2.3477081718722514e+00 #xyz tv0
           7.5000000000000000e+01   2.6500000000000000e+01   1.6000000000000001e+00 #xyz tv1
           3.8000000000000000e+01   2.2999999999999996e+01   1.8000000000000011e+01 #xyz tv2
           7.5000000000000000e+01   2.5750000000000004e+01   1.6000000000000001e+00 -1 109 #xyz tv3 fid bid
           7.5000000000000000e+01   2.5750000000000004e+01   1.6000000000000001e+00 #xyz tv0
           3.8000000000000000e+01   2.2999999999999996e+01   1.8000000000000011e+01 #xyz tv1
           7.0312500000000000e+01   2.5000000000000000e+01   1.6000000000000001e+00 #xyz tv2
           7.5000000000000000e+01   2.6500000000000000e+01   1.6000000000000001e+00 -1 109 #xyz tv3 fid bid
           7.5000000000000000e+01   2.5750000000000004e+01   1.6000000000000001e+00 #xyz tv0
           7.5000000000000000e+01   2.5750000000000004e+01   7.9999999999999971e-01 #xyz tv1
           7.7259927001835308e+01   2.2650400835579621e+01   2.3477081718722514e+00 #xyz tv2
           7.5000000000000000e+01   2.6500000000000000e+01   1.6000000000000001e+00 -1 109 #xyz tv3 fid bid
           7.5000000000000000e+01   2.5750000000000004e+01   1.6000000000000001e+00 #xyz tv0
           7.0312500000000000e+01   2.5000000000000000e+01   1.6000000000000001e+00 #xyz tv1
           7.5000000000000000e+01   2.5750000000000004e+01   7.9999999999999971e-01 #xyz tv2
           7.5000000000000000e+01   2.6500000000000000e+01   1.6000000000000001e+00 -1 109 #xyz tv3 fid bid
           7.5000000000000000e+01   2.5750000000000004e+01   1.6000000000000001e+00 #xyz tv0
           7.5000000000000000e+01   2.6500000000000000e+01   1.6000000000000001e+00 #xyz tv1
           7.0312500000000000e+01   2.5000000000000000e+01   1.6000000000000001e+00 7 -1 #xyz tv2 fid bid
           7.5000000000000000e+01   2.5750000000000004e+01   1.6000000000000001e+00 #xyz tv0
           7.5000000000000000e+01   2.6500000000000000e+01   1.6000000000000001e+00 #xyz tv1
           7.0312500000000000e+01   2.5000000000000000e+01   1.6000000000000001e+00 83 -1 #xyz tv2 fid bid
           7.5000000000000000e+01   2.5750000000000004e+01   1.6000000000000001e+00 #xyz tv0
           7.5000000000000000e+01   2.5750000000000004e+01   7.9999999999999971e-01 #xyz tv1
           7.5000000000000000e+01   2.6500000000000000e+01   1.6000000000000001e+00 12 -1 #xyz tv2 fid bid
           7.5000000000000000e+01   2.5750000000000004e+01   1.6000000000000001e+00 #xyz tv0
           7.5000000000000000e+01   2.5750000000000004e+01   7.9999999999999971e-01 #xyz tv1
           7.5000000000000000e+01   2.6500000000000000e+01   1.6000000000000001e+00 107 -1 #xyz tv2 fid bid
           7.5000000000000000e+01   2.5750000000000004e+01   1.6000000000000001e+00 #xyz ev0
           7.5000000000000000e+01   2.6500000000000000e+01   1.6000000000000001e+00 -1 109 #xyz ev1 fid bid
   0   0.000000000000e+00   0.000000000000e+00   0.000000000000e+00 #flag location
END_ERR 
G3dErrFileVersion 2018P3.1
FlagFileMetaData Begin
   Mesh Size - Setup1, Refinement, Pass #2, Freq. 1.000000e+09 :Title    
   Listing of mesh elements with small segments. :ToolTip  
   hf3d :Author   
   1701879002 :TimeStamp
FlagFileMetaData End
BEGIN_ERR 
26 Small mesh segment detected on body : Radiation_box
 Small mesh segment detected on body : Radiation_box 
 Segment Statistics - Number of Segments : 1 --- Segment length(s) : 0.670446mm. The cutoff frequency for S-Matrix Only Solve is 3.25861367391304MHz 
3 -1  12  107  # nfids, fids[]
2 109  -1  # nbids, bids[]
      4 4 1 0 #ntets ntri ned npts
           7.5000000000000000e+01   2.6500000000000000e+01   7.9999999999999982e-01 #xyz tv0
           7.7140846082216086e+01   2.2855113112684425e+01   2.6829418866150814e+00 #xyz tv1
           7.5000000000000000e+01   2.6500000000000000e+01   1.6000000000000001e+00 #xyz tv2
           7.5000000000000000e+01   2.7166341145833336e+01   8.7407407407407400e-01 -1 109 #xyz tv3 fid bid
           7.5000000000000000e+01   2.7166341145833336e+01   8.7407407407407400e-01 #xyz tv0
           5.6250000000000000e+01   2.6500000000000000e+01   1.6000000000000001e+00 #xyz tv1
           7.5000000000000000e+01   2.6500000000000000e+01   1.6000000000000001e+00 #xyz tv2
           7.5000000000000000e+01   2.6500000000000000e+01   7.9999999999999982e-01 -1 109 #xyz tv3 fid bid
           7.5000000000000000e+01   2.6500000000000000e+01   7.9999999999999982e-01 #xyz tv0
           7.5000000000000000e+01   2.6306640625000000e+01  -3.9166803481038877e-16 #xyz tv1
           7.7140846082216086e+01   2.2855113112684425e+01   2.6829418866150814e+00 #xyz tv2
           7.5000000000000000e+01   2.7166341145833336e+01   8.7407407407407400e-01 -1 109 #xyz tv3 fid bid
           7.5000000000000000e+01   2.7166341145833336e+01   8.7407407407407400e-01 #xyz tv0
           7.5000000000000000e+01   2.6306640625000000e+01  -3.9166803481038877e-16 #xyz tv1
           5.6250000000000000e+01   2.6500000000000000e+01   1.6000000000000001e+00 #xyz tv2
           7.5000000000000000e+01   2.6500000000000000e+01   7.9999999999999982e-01 -1 109 #xyz tv3 fid bid
           7.5000000000000000e+01   2.6500000000000000e+01   7.9999999999999982e-01 #xyz tv0
           7.5000000000000000e+01   2.6306640625000000e+01  -3.9166803481038877e-16 #xyz tv1
           7.5000000000000000e+01   2.7166341145833336e+01   8.7407407407407400e-01 12 -1 #xyz tv2 fid bid
           7.5000000000000000e+01   2.6500000000000000e+01   7.9999999999999982e-01 #xyz tv0
           7.5000000000000000e+01   2.6306640625000000e+01  -3.9166803481038877e-16 #xyz tv1
           7.5000000000000000e+01   2.7166341145833336e+01   8.7407407407407400e-01 107 -1 #xyz tv2 fid bid
           7.5000000000000000e+01   2.6500000000000000e+01   7.9999999999999982e-01 #xyz tv0
           7.5000000000000000e+01   2.7166341145833336e+01   8.7407407407407400e-01 #xyz tv1
           7.5000000000000000e+01   2.6500000000000000e+01   1.6000000000000001e+00 12 -1 #xyz tv2 fid bid
           7.5000000000000000e+01   2.6500000000000000e+01   7.9999999999999982e-01 #xyz tv0
           7.5000000000000000e+01   2.7166341145833336e+01   8.7407407407407400e-01 #xyz tv1
           7.5000000000000000e+01   2.6500000000000000e+01   1.6000000000000001e+00 107 -1 #xyz tv2 fid bid
           7.5000000000000000e+01   2.7166341145833336e+01   8.7407407407407400e-01 #xyz ev0
           7.5000000000000000e+01   2.6500000000000000e+01   7.9999999999999982e-01 -1 109 #xyz ev1 fid bid
   0   0.000000000000e+00   0.000000000000e+00   0.000000000000e+00 #flag location
END_ERR 
G3dErrFileVersion 2018P3.1
FlagFileMetaData Begin
   Mesh Size - Setup1, Refinement, Pass #3, Freq. 1.000000e+09 :Title    
   Listing of mesh elements with small segments. :ToolTip  
   hf3d :Author   
   1701879005 :TimeStamp
FlagFileMetaData End
BEGIN_ERR 
26 Small mesh segment detected on body : Radiation_box
 Small mesh segment detected on body : Radiation_box 
 Segment Statistics - Number of Segments : 1 --- Segment length(s) : 0.701805mm. The cutoff frequency for S-Matrix Only Solve is 3.25861367391304MHz 
3 -1  12  107  # nfids, fids[]
2 109  -1  # nbids, bids[]
      4 4 1 0 #ntets ntri ned npts
           7.5000000000000000e+01   2.7250000000000000e+01   1.6000000000000001e+00 #xyz tv0
           7.7239585542900016e+01   2.2555743791669329e+01   3.2256786654382514e+00 #xyz tv1
           7.5000000000000000e+01   2.7119966472718321e+01   9.1034685667082504e-01 #xyz tv2
           7.5000000000000000e+01   2.6500000000000000e+01   1.6000000000000001e+00 -1 109 #xyz tv3 fid bid
           7.5000000000000000e+01   2.7250000000000000e+01   1.6000000000000001e+00 #xyz tv0
           7.5000000000000000e+01   2.7119966472718321e+01   9.1034685667082504e-01 #xyz tv1
           7.7239585542900016e+01   2.2555743791669329e+01   3.2256786654382514e+00 #xyz tv2
           7.5000000000000000e+01   2.8000000000000004e+01   1.6000000000000001e+00 -1 109 #xyz tv3 fid bid
           7.5000000000000000e+01   2.7250000000000000e+01   1.6000000000000001e+00 #xyz tv0
           7.5000000000000000e+01   2.7119966472718321e+01   9.1034685667082504e-01 #xyz tv1
           6.4718627929687500e+01   2.6500000000000000e+01   1.6000000000000001e+00 #xyz tv2
           7.5000000000000000e+01   2.6500000000000000e+01   1.6000000000000001e+00 -1 109 #xyz tv3 fid bid
           7.5000000000000000e+01   2.7119966472718321e+01   9.1034685667082504e-01 #xyz tv0
           6.4718627929687500e+01   2.6500000000000000e+01   1.6000000000000001e+00 #xyz tv1
           7.5000000000000000e+01   2.8000000000000004e+01   1.6000000000000001e+00 #xyz tv2
           7.5000000000000000e+01   2.7250000000000000e+01   1.6000000000000001e+00 -1 109 #xyz tv3 fid bid
           7.5000000000000000e+01   2.7250000000000000e+01   1.6000000000000001e+00 #xyz tv0
           7.5000000000000000e+01   2.6500000000000000e+01   1.6000000000000001e+00 #xyz tv1
           7.5000000000000000e+01   2.7119966472718321e+01   9.1034685667082504e-01 12 -1 #xyz tv2 fid bid
           7.5000000000000000e+01   2.7250000000000000e+01   1.6000000000000001e+00 #xyz tv0
           7.5000000000000000e+01   2.6500000000000000e+01   1.6000000000000001e+00 #xyz tv1
           7.5000000000000000e+01   2.7119966472718321e+01   9.1034685667082504e-01 107 -1 #xyz tv2 fid bid
           7.5000000000000000e+01   2.7250000000000000e+01   1.6000000000000001e+00 #xyz tv0
           7.5000000000000000e+01   2.7119966472718321e+01   9.1034685667082504e-01 #xyz tv1
           7.5000000000000000e+01   2.8000000000000004e+01   1.6000000000000001e+00 12 -1 #xyz tv2 fid bid
           7.5000000000000000e+01   2.7250000000000000e+01   1.6000000000000001e+00 #xyz tv0
           7.5000000000000000e+01   2.7119966472718321e+01   9.1034685667082504e-01 #xyz tv1
           7.5000000000000000e+01   2.8000000000000004e+01   1.6000000000000001e+00 107 -1 #xyz tv2 fid bid
           7.5000000000000000e+01   2.7119966472718321e+01   9.1034685667082504e-01 #xyz ev0
           7.5000000000000000e+01   2.7250000000000000e+01   1.6000000000000001e+00 -1 109 #xyz ev1 fid bid
   0   0.000000000000e+00   0.000000000000e+00   0.000000000000e+00 #flag location
END_ERR 
G3dErrFileVersion 2018P3.1
FlagFileMetaData Begin
   Mesh Size - Setup1, Refinement, Pass #4, Freq. 1.000000e+09 :Title    
   Listing of mesh elements with small segments. :ToolTip  
   hf3d :Author   
   1701879007 :TimeStamp
FlagFileMetaData End
BEGIN_ERR 
26 Small mesh segment detected on body : Radiation_box
 Small mesh segment detected on body : Radiation_box 
 Segment Statistics - Number of Segments : 1 --- Segment length(s) : 0.689502mm. The cutoff frequency for S-Matrix Only Solve is 3.25861367391304MHz 
3 -1  12  107  # nfids, fids[]
2 109  -1  # nbids, bids[]
      4 4 1 0 #ntets ntri ned npts
           7.5000000000000000e+01   2.7250000000000000e+01   1.6000000000000001e+00 #xyz tv0
           7.5000000000000000e+01   2.7076939563340446e+01   9.3257012337176626e-01 #xyz tv1
           7.7139165336657996e+01   2.2727600459882478e+01   3.3643465847763641e+00 #xyz tv2
           7.5000000000000000e+01   2.8000000000000004e+01   1.6000000000000001e+00 -1 109 #xyz tv3 fid bid
           7.5000000000000000e+01   2.7250000000000000e+01   1.6000000000000001e+00 #xyz tv0
           7.7139165336657996e+01   2.2727600459882478e+01   3.3643465847763641e+00 #xyz tv1
           7.5000000000000000e+01   2.7076939563340446e+01   9.3257012337176626e-01 #xyz tv2
           7.5000000000000000e+01   2.6500000000000000e+01   1.6000000000000001e+00 -1 109 #xyz tv3 fid bid
           7.0666249667226509e+01   2.8002231409048434e+01   1.6000000000000001e+00 #xyz tv0
           7.5000000000000000e+01   2.7076939563340446e+01   9.3257012337176626e-01 #xyz tv1
           7.5000000000000000e+01   2.7250000000000000e+01   1.6000000000000001e+00 #xyz tv2
           7.5000000000000000e+01   2.8000000000000004e+01   1.6000000000000001e+00 -1 109 #xyz tv3 fid bid
           7.5000000000000000e+01   2.7076939563340446e+01   9.3257012337176626e-01 #xyz tv0
           7.5000000000000000e+01   2.6500000000000000e+01   1.6000000000000001e+00 #xyz tv1
           7.0666249667226509e+01   2.8002231409048434e+01   1.6000000000000001e+00 #xyz tv2
           7.5000000000000000e+01   2.7250000000000000e+01   1.6000000000000001e+00 -1 109 #xyz tv3 fid bid
           7.5000000000000000e+01   2.7250000000000000e+01   1.6000000000000001e+00 #xyz tv0
           7.5000000000000000e+01   2.6500000000000000e+01   1.6000000000000001e+00 #xyz tv1
           7.5000000000000000e+01   2.7076939563340446e+01   9.3257012337176626e-01 12 -1 #xyz tv2 fid bid
           7.5000000000000000e+01   2.7250000000000000e+01   1.6000000000000001e+00 #xyz tv0
           7.5000000000000000e+01   2.6500000000000000e+01   1.6000000000000001e+00 #xyz tv1
           7.5000000000000000e+01   2.7076939563340446e+01   9.3257012337176626e-01 107 -1 #xyz tv2 fid bid
           7.5000000000000000e+01   2.7250000000000000e+01   1.6000000000000001e+00 #xyz tv0
           7.5000000000000000e+01   2.7076939563340446e+01   9.3257012337176626e-01 #xyz tv1
           7.5000000000000000e+01   2.8000000000000004e+01   1.6000000000000001e+00 12 -1 #xyz tv2 fid bid
           7.5000000000000000e+01   2.7250000000000000e+01   1.6000000000000001e+00 #xyz tv0
           7.5000000000000000e+01   2.7076939563340446e+01   9.3257012337176626e-01 #xyz tv1
           7.5000000000000000e+01   2.8000000000000004e+01   1.6000000000000001e+00 107 -1 #xyz tv2 fid bid
           7.5000000000000000e+01   2.7076939563340446e+01   9.3257012337176626e-01 #xyz ev0
           7.5000000000000000e+01   2.7250000000000000e+01   1.6000000000000001e+00 -1 109 #xyz ev1 fid bid
   0   0.000000000000e+00   0.000000000000e+00   0.000000000000e+00 #flag location
END_ERR 
G3dErrFileVersion 2018P3.1
FlagFileMetaData Begin
   Mesh Size - Setup1, Refinement, Pass #5, Freq. 1.000000e+09 :Title    
   Listing of mesh elements with small segments. :ToolTip  
   hf3d :Author   
   1701879009 :TimeStamp
FlagFileMetaData End
BEGIN_ERR 
26 Small mesh segment detected on body : Radiation_box
 Small mesh segment detected on body : Radiation_box 
 Segment Statistics - Number of Segments : 1 --- Segment length(s) : 0.689502mm. The cutoff frequency for S-Matrix Only Solve is 3.25861367391304MHz 
3 -1  12  107  # nfids, fids[]
2 109  -1  # nbids, bids[]
      4 4 1 0 #ntets ntri ned npts
           7.5000000000000000e+01   2.7250000000000000e+01   1.6000000000000001e+00 #xyz tv0
           7.5000000000000000e+01   2.7076939563340446e+01   9.3257012337176626e-01 #xyz tv1
           7.7139165336657996e+01   2.2727600459882478e+01   3.3643465847763645e+00 #xyz tv2
           7.5000000000000000e+01   2.8000000000000004e+01   1.6000000000000001e+00 -1 109 #xyz tv3 fid bid
           7.5000000000000000e+01   2.7250000000000000e+01   1.6000000000000001e+00 #xyz tv0
           7.7139165336657996e+01   2.2727600459882478e+01   3.3643465847763645e+00 #xyz tv1
           7.5000000000000000e+01   2.7076939563340446e+01   9.3257012337176626e-01 #xyz tv2
           7.5000000000000000e+01   2.6500000000000000e+01   1.6000000000000001e+00 -1 109 #xyz tv3 fid bid
           7.0996252773471895e+01   2.8313764360886161e+01   1.6000000000000001e+00 #xyz tv0
           7.5000000000000000e+01   2.7076939563340446e+01   9.3257012337176626e-01 #xyz tv1
           7.5000000000000000e+01   2.7250000000000000e+01   1.6000000000000001e+00 #xyz tv2
           7.5000000000000000e+01   2.8000000000000004e+01   1.6000000000000001e+00 -1 109 #xyz tv3 fid bid
           7.5000000000000000e+01   2.7076939563340446e+01   9.3257012337176626e-01 #xyz tv0
           7.5000000000000000e+01   2.6500000000000000e+01   1.6000000000000001e+00 #xyz tv1
           7.0996252773471895e+01   2.8313764360886161e+01   1.6000000000000001e+00 #xyz tv2
           7.5000000000000000e+01   2.7250000000000000e+01   1.6000000000000001e+00 -1 109 #xyz tv3 fid bid
           7.5000000000000000e+01   2.7250000000000000e+01   1.6000000000000001e+00 #xyz tv0
           7.5000000000000000e+01   2.6500000000000000e+01   1.6000000000000001e+00 #xyz tv1
           7.5000000000000000e+01   2.7076939563340446e+01   9.3257012337176626e-01 12 -1 #xyz tv2 fid bid
           7.5000000000000000e+01   2.7250000000000000e+01   1.6000000000000001e+00 #xyz tv0
           7.5000000000000000e+01   2.6500000000000000e+01   1.6000000000000001e+00 #xyz tv1
           7.5000000000000000e+01   2.7076939563340446e+01   9.3257012337176626e-01 107 -1 #xyz tv2 fid bid
           7.5000000000000000e+01   2.7250000000000000e+01   1.6000000000000001e+00 #xyz tv0
           7.5000000000000000e+01   2.7076939563340446e+01   9.3257012337176626e-01 #xyz tv1
           7.5000000000000000e+01   2.8000000000000004e+01   1.6000000000000001e+00 12 -1 #xyz tv2 fid bid
           7.5000000000000000e+01   2.7250000000000000e+01   1.6000000000000001e+00 #xyz tv0
           7.5000000000000000e+01   2.7076939563340446e+01   9.3257012337176626e-01 #xyz tv1
           7.5000000000000000e+01   2.8000000000000004e+01   1.6000000000000001e+00 107 -1 #xyz tv2 fid bid
           7.5000000000000000e+01   2.7076939563340446e+01   9.3257012337176626e-01 #xyz ev0
           7.5000000000000000e+01   2.7250000000000000e+01   1.6000000000000001e+00 -1 109 #xyz ev1 fid bid
   0   0.000000000000e+00   0.000000000000e+00   0.000000000000e+00 #flag location
END_ERR 
G3dErrFileVersion 2018P3.1
FlagFileMetaData Begin
   Mesh Size - Setup1, Refinement, Pass #6, Freq. 1.000000e+09 :Title    
   Listing of mesh elements with small segments. :ToolTip  
   hf3d :Author   
   1701879012 :TimeStamp
FlagFileMetaData End
BEGIN_ERR 
26 Small mesh segment detected on body : Radiation_box
 Small mesh segment detected on body : Radiation_box 
 Segment Statistics - Number of Segments : 1 --- Segment length(s) : 0.689502mm. The cutoff frequency for S-Matrix Only Solve is 3.25861367391304MHz 
3 -1  12  107  # nfids, fids[]
2 109  -1  # nbids, bids[]
      4 4 1 0 #ntets ntri ned npts
           7.5000000000000000e+01   2.7250000000000000e+01   1.6000000000000001e+00 #xyz tv0
           7.5000000000000000e+01   2.7076939563340446e+01   9.3257012337176626e-01 #xyz tv1
           7.7139165336657996e+01   2.2727600459882478e+01   3.3643465847763649e+00 #xyz tv2
           7.5000000000000000e+01   2.8000000000000004e+01   1.6000000000000001e+00 -1 109 #xyz tv3 fid bid
           7.5000000000000000e+01   2.7250000000000000e+01   1.6000000000000001e+00 #xyz tv0
           7.7139165336657996e+01   2.2727600459882478e+01   3.3643465847763649e+00 #xyz tv1
           7.5000000000000000e+01   2.7076939563340446e+01   9.3257012337176626e-01 #xyz tv2
           7.5000000000000000e+01   2.6500000000000000e+01   1.6000000000000001e+00 -1 109 #xyz tv3 fid bid
           7.0996252773471895e+01   2.8313764360886164e+01   1.6000000000000001e+00 #xyz tv0
           7.5000000000000000e+01   2.7076939563340446e+01   9.3257012337176626e-01 #xyz tv1
           7.5000000000000000e+01   2.7250000000000000e+01   1.6000000000000001e+00 #xyz tv2
           7.5000000000000000e+01   2.8000000000000004e+01   1.6000000000000001e+00 -1 109 #xyz tv3 fid bid
           7.5000000000000000e+01   2.7076939563340446e+01   9.3257012337176626e-01 #xyz tv0
           7.5000000000000000e+01   2.6500000000000000e+01   1.6000000000000001e+00 #xyz tv1
           7.0996252773471895e+01   2.8313764360886164e+01   1.6000000000000001e+00 #xyz tv2
           7.5000000000000000e+01   2.7250000000000000e+01   1.6000000000000001e+00 -1 109 #xyz tv3 fid bid
           7.5000000000000000e+01   2.7250000000000000e+01   1.6000000000000001e+00 #xyz tv0
           7.5000000000000000e+01   2.6500000000000000e+01   1.6000000000000001e+00 #xyz tv1
           7.5000000000000000e+01   2.7076939563340446e+01   9.3257012337176626e-01 12 -1 #xyz tv2 fid bid
           7.5000000000000000e+01   2.7250000000000000e+01   1.6000000000000001e+00 #xyz tv0
           7.5000000000000000e+01   2.6500000000000000e+01   1.6000000000000001e+00 #xyz tv1
           7.5000000000000000e+01   2.7076939563340446e+01   9.3257012337176626e-01 107 -1 #xyz tv2 fid bid
           7.5000000000000000e+01   2.7250000000000000e+01   1.6000000000000001e+00 #xyz tv0
           7.5000000000000000e+01   2.7076939563340446e+01   9.3257012337176626e-01 #xyz tv1
           7.5000000000000000e+01   2.8000000000000004e+01   1.6000000000000001e+00 12 -1 #xyz tv2 fid bid
           7.5000000000000000e+01   2.7250000000000000e+01   1.6000000000000001e+00 #xyz tv0
           7.5000000000000000e+01   2.7076939563340446e+01   9.3257012337176626e-01 #xyz tv1
           7.5000000000000000e+01   2.8000000000000004e+01   1.6000000000000001e+00 107 -1 #xyz tv2 fid bid
           7.5000000000000000e+01   2.7076939563340446e+01   9.3257012337176626e-01 #xyz ev0
           7.5000000000000000e+01   2.7250000000000000e+01   1.6000000000000001e+00 -1 109 #xyz ev1 fid bid
   0   0.000000000000e+00   0.000000000000e+00   0.000000000000e+00 #flag location
END_ERR 
G3dErrFileVersion 2018P3.1
FlagFileMetaData Begin
   Mesh Size - Setup1, Refinement, Pass #1, Freq. 1.000000e+09 :Title    
   Listing of mesh elements with small segments. :ToolTip  
   hf3d :Author   
   1701879302 :TimeStamp
FlagFileMetaData End
BEGIN_ERR 
26 Small mesh segment detected on body : Radiation_box
 Small mesh segment detected on body : Radiation_box 
 Segment Statistics - Number of Segments : 1 --- Segment length(s) : 0.750000mm. The cutoff frequency for S-Matrix Only Solve is 3.25861367391304MHz 
5 -1  7  83  10  95  # nfids, fids[]
2 109  -1  # nbids, bids[]
      5 4 1 0 #ntets ntri ned npts
           0.0000000000000000e+00   2.5750000000000004e+01   1.6000000000000001e+00 #xyz tv0
           3.8000000000000000e+01   2.2999999999999996e+01   1.8000000000000011e+01 #xyz tv1
          -8.0000000000000000e+00   5.7999999999999993e+01   1.8000000000000011e+01 #xyz tv2
           0.0000000000000000e+00   2.6500000000000000e+01   1.6000000000000001e+00 -1 109 #xyz tv3 fid bid
           0.0000000000000000e+00   2.5750000000000004e+01   1.6000000000000001e+00 #xyz tv0
           4.6875000000000000e+00   2.5000000000000000e+01   1.6000000000000001e+00 #xyz tv1
           3.8000000000000000e+01   2.2999999999999996e+01   1.8000000000000011e+01 #xyz tv2
           0.0000000000000000e+00   2.6500000000000000e+01   1.6000000000000001e+00 -1 109 #xyz tv3 fid bid
           0.0000000000000000e+00   2.5750000000000004e+01   1.6000000000000001e+00 #xyz tv0
          -8.0000000000000000e+00   5.7999999999999993e+01   1.8000000000000011e+01 #xyz tv1
          -3.1077485380116956e+00   2.8751228983918129e+01   1.5263651315789482e+00 #xyz tv2
           0.0000000000000000e+00   2.6500000000000000e+01   1.6000000000000001e+00 -1 109 #xyz tv3 fid bid
           4.6875000000000000e+00   2.5000000000000000e+01   1.6000000000000001e+00 #xyz tv0
           0.0000000000000000e+00   2.5750000000000004e+01   1.6000000000000001e+00 #xyz tv1
          -9.1848509936051053e-17   2.6500000000000000e+01  -3.3306690738754701e-16 #xyz tv2
           0.0000000000000000e+00   2.6500000000000000e+01   1.6000000000000001e+00 -1 109 #xyz tv3 fid bid
           0.0000000000000000e+00   2.5750000000000004e+01   1.6000000000000001e+00 #xyz tv0
          -3.1077485380116956e+00   2.8751228983918129e+01   1.5263651315789482e+00 #xyz tv1
          -9.1848509936051053e-17   2.6500000000000000e+01  -3.3306690738754701e-16 #xyz tv2
           0.0000000000000000e+00   2.6500000000000000e+01   1.6000000000000001e+00 -1 109 #xyz tv3 fid bid
           0.0000000000000000e+00   2.5750000000000004e+01   1.6000000000000001e+00 #xyz tv0
           4.6875000000000000e+00   2.5000000000000000e+01   1.6000000000000001e+00 #xyz tv1
           0.0000000000000000e+00   2.6500000000000000e+01   1.6000000000000001e+00 7 -1 #xyz tv2 fid bid
           0.0000000000000000e+00   2.5750000000000004e+01   1.6000000000000001e+00 #xyz tv0
           4.6875000000000000e+00   2.5000000000000000e+01   1.6000000000000001e+00 #xyz tv1
           0.0000000000000000e+00   2.6500000000000000e+01   1.6000000000000001e+00 83 -1 #xyz tv2 fid bid
          -9.1848509936051053e-17   2.6500000000000000e+01  -3.3306690738754701e-16 #xyz tv0
           0.0000000000000000e+00   2.5750000000000004e+01   1.6000000000000001e+00 #xyz tv1
           0.0000000000000000e+00   2.6500000000000000e+01   1.6000000000000001e+00 10 -1 #xyz tv2 fid bid
          -9.1848509936051053e-17   2.6500000000000000e+01  -3.3306690738754701e-16 #xyz tv0
           0.0000000000000000e+00   2.5750000000000004e+01   1.6000000000000001e+00 #xyz tv1
           0.0000000000000000e+00   2.6500000000000000e+01   1.6000000000000001e+00 95 -1 #xyz tv2 fid bid
           0.0000000000000000e+00   2.6500000000000000e+01   1.6000000000000001e+00 #xyz ev0
           0.0000000000000000e+00   2.5750000000000004e+01   1.6000000000000001e+00 -1 109 #xyz ev1 fid bid
   0   0.000000000000e+00   0.000000000000e+00   0.000000000000e+00 #flag location
END_ERR 
G3dErrFileVersion 2018P3.1
FlagFileMetaData Begin
   Mesh Size - Setup1, Refinement, Pass #2, Freq. 1.000000e+09 :Title    
   Listing of mesh elements with small segments. :ToolTip  
   hf3d :Author   
   1701879304 :TimeStamp
FlagFileMetaData End
BEGIN_ERR 
26 Small mesh segment detected on body : Radiation_box
 Small mesh segment detected on body : Radiation_box 
 Segment Statistics - Number of Segments : 1 --- Segment length(s) : 0.670446mm. The cutoff frequency for S-Matrix Only Solve is 3.25861367391304MHz 
3 -1  12  107  # nfids, fids[]
2 109  -1  # nbids, bids[]
      5 4 1 0 #ntets ntri ned npts
           7.5000000000000000e+01   2.6500000000000000e+01   7.9999999999999982e-01 #xyz tv0
           7.7181570964420288e+01   2.2923310303925469e+01   2.5074922531941710e+00 #xyz tv1
           7.5000000000000000e+01   2.6500000000000000e+01   1.6000000000000001e+00 #xyz tv2
           7.5000000000000000e+01   2.7166341145833336e+01   8.7407407407407400e-01 -1 109 #xyz tv3 fid bid
           7.5000000000000000e+01   2.7166341145833336e+01   8.7407407407407400e-01 #xyz tv0
           7.5000000000000000e+01   2.6500000000000000e+01   7.9999999999999982e-01 #xyz tv1
           6.4746093750000000e+01   2.6500000000000000e+01   1.6000000000000001e+00 #xyz tv2
           7.5000000000000000e+01   2.6500000000000000e+01   1.6000000000000001e+00 -1 109 #xyz tv3 fid bid
           7.5000000000000000e+01   2.6500000000000000e+01   7.9999999999999982e-01 #xyz tv0
           7.5000000000000000e+01   2.6306640625000000e+01  -3.9166803481038877e-16 #xyz tv1
           7.7181570964420288e+01   2.2923310303925469e+01   2.5074922531941710e+00 #xyz tv2
           7.5000000000000000e+01   2.7166341145833336e+01   8.7407407407407400e-01 -1 109 #xyz tv3 fid bid
           7.5000000000000000e+01   2.7166341145833336e+01   8.7407407407407400e-01 #xyz tv0
           6.4746093750000000e+01   2.6500000000000000e+01   1.6000000000000001e+00 #xyz tv1
           7.5000000000000000e+01   2.6500000000000000e+01   7.9999999999999982e-01 #xyz tv2
           4.9500000000000000e+01   2.8000000000000004e+01   0.0000000000000000e+00 -1 109 #xyz tv3 fid bid
           7.5000000000000000e+01   2.6500000000000000e+01   7.9999999999999982e-01 #xyz tv0
           4.9500000000000000e+01   2.8000000000000004e+01   0.0000000000000000e+00 #xyz tv1
           7.5000000000000000e+01   2.6306640625000000e+01  -3.9166803481038877e-16 #xyz tv2
           7.5000000000000000e+01   2.7166341145833336e+01   8.7407407407407400e-01 -1 109 #xyz tv3 fid bid
           7.5000000000000000e+01   2.6500000000000000e+01   7.9999999999999982e-01 #xyz tv0
           7.5000000000000000e+01   2.6306640625000000e+01  -3.9166803481038877e-16 #xyz tv1
           7.5000000000000000e+01   2.7166341145833336e+01   8.7407407407407400e-01 12 -1 #xyz tv2 fid bid
           7.5000000000000000e+01   2.6500000000000000e+01   7.9999999999999982e-01 #xyz tv0
           7.5000000000000000e+01   2.6306640625000000e+01  -3.9166803481038877e-16 #xyz tv1
           7.5000000000000000e+01   2.7166341145833336e+01   8.7407407407407400e-01 107 -1 #xyz tv2 fid bid
           7.5000000000000000e+01   2.6500000000000000e+01   7.9999999999999982e-01 #xyz tv0
           7.5000000000000000e+01   2.7166341145833336e+01   8.7407407407407400e-01 #xyz tv1
           7.5000000000000000e+01   2.6500000000000000e+01   1.6000000000000001e+00 12 -1 #xyz tv2 fid bid
           7.5000000000000000e+01   2.6500000000000000e+01   7.9999999999999982e-01 #xyz tv0
           7.5000000000000000e+01   2.7166341145833336e+01   8.7407407407407400e-01 #xyz tv1
           7.5000000000000000e+01   2.6500000000000000e+01   1.6000000000000001e+00 107 -1 #xyz tv2 fid bid
           7.5000000000000000e+01   2.7166341145833336e+01   8.7407407407407400e-01 #xyz ev0
           7.5000000000000000e+01   2.6500000000000000e+01   7.9999999999999982e-01 -1 109 #xyz ev1 fid bid
   0   0.000000000000e+00   0.000000000000e+00   0.000000000000e+00 #flag location
END_ERR 
G3dErrFileVersion 2018P3.1
FlagFileMetaData Begin
   Mesh Size - Setup1, Refinement, Pass #3, Freq. 1.000000e+09 :Title    
   Listing of mesh elements with small segments. :ToolTip  
   hf3d :Author   
   1701879307 :TimeStamp
FlagFileMetaData End
BEGIN_ERR 
26 Small mesh segment detected on body : Substrate
 Small mesh segment detected on body : Substrate 
 Segment Statistics - Number of Segments : 1 --- Segment length(s) : 0.711316mm. The cutoff frequency for S-Matrix Only Solve is 3.25861367391304MHz 
3 -1  10  95  # nfids, fids[]
2 6  -1  # nbids, bids[]
      4 4 1 0 #ntets ntri ned npts
           1.2864981197413118e-16   2.7250000000000000e+01   1.6000000000000001e+00 #xyz tv0
           5.4062096542530229e+00   2.5935695795093707e+01  -4.1611111649110396e-16 #xyz tv1
           3.1633422783064058e-17   2.7232942708333333e+01   8.8888888888888884e-01 #xyz tv2
           0.0000000000000000e+00   2.6500000000000000e+01   1.6000000000000001e+00 -1 6 #xyz tv3 fid bid
           1.2864981197413118e-16   2.7250000000000000e+01   1.6000000000000001e+00 #xyz tv0
           3.1633422783064058e-17   2.7232942708333333e+01   8.8888888888888884e-01 #xyz tv1
           5.4062096542530229e+00   2.5935695795093707e+01  -4.1611111649110396e-16 #xyz tv2
           2.5729962394826237e-16   2.8000000000000004e+01   1.6000000000000001e+00 -1 6 #xyz tv3 fid bid
           1.2864981197413118e-16   2.7250000000000000e+01   1.6000000000000001e+00 #xyz tv0
           3.1633422783064058e-17   2.7232942708333333e+01   8.8888888888888884e-01 #xyz tv1
          -2.9587553163211062e+00   2.6140979594464380e+01   3.0708242374401933e+00 #xyz tv2
           0.0000000000000000e+00   2.6500000000000000e+01   1.6000000000000001e+00 -1 6 #xyz tv3 fid bid
           1.2864981197413118e-16   2.7250000000000000e+01   1.6000000000000001e+00 #xyz tv0
          -2.9587553163211062e+00   2.6140979594464380e+01   3.0708242374401933e+00 #xyz tv1
           3.1633422783064058e-17   2.7232942708333333e+01   8.8888888888888884e-01 #xyz tv2
           2.5729962394826237e-16   2.8000000000000004e+01   1.6000000000000001e+00 -1 6 #xyz tv3 fid bid
           1.2864981197413118e-16   2.7250000000000000e+01   1.6000000000000001e+00 #xyz tv0
           3.1633422783064058e-17   2.7232942708333333e+01   8.8888888888888884e-01 #xyz tv1
           0.0000000000000000e+00   2.6500000000000000e+01   1.6000000000000001e+00 10 -1 #xyz tv2 fid bid
           1.2864981197413118e-16   2.7250000000000000e+01   1.6000000000000001e+00 #xyz tv0
           3.1633422783064058e-17   2.7232942708333333e+01   8.8888888888888884e-01 #xyz tv1
           0.0000000000000000e+00   2.6500000000000000e+01   1.6000000000000001e+00 95 -1 #xyz tv2 fid bid
           1.2864981197413118e-16   2.7250000000000000e+01   1.6000000000000001e+00 #xyz tv0
           2.5729962394826237e-16   2.8000000000000004e+01   1.6000000000000001e+00 #xyz tv1
           3.1633422783064058e-17   2.7232942708333333e+01   8.8888888888888884e-01 10 -1 #xyz tv2 fid bid
           1.2864981197413118e-16   2.7250000000000000e+01   1.6000000000000001e+00 #xyz tv0
           2.5729962394826237e-16   2.8000000000000004e+01   1.6000000000000001e+00 #xyz tv1
           3.1633422783064058e-17   2.7232942708333333e+01   8.8888888888888884e-01 95 -1 #xyz tv2 fid bid
           1.2864981197413118e-16   2.7250000000000000e+01   1.6000000000000001e+00 #xyz ev0
           3.1633422783064058e-17   2.7232942708333333e+01   8.8888888888888884e-01 -1 6 #xyz ev1 fid bid
   0   0.000000000000e+00   0.000000000000e+00   0.000000000000e+00 #flag location
END_ERR 
G3dErrFileVersion 2018P3.1
FlagFileMetaData Begin
   Mesh Size - Setup1, Refinement, Pass #4, Freq. 1.000000e+09 :Title    
   Listing of mesh elements with small segments. :ToolTip  
   hf3d :Author   
   1701879309 :TimeStamp
FlagFileMetaData End
BEGIN_ERR 
26 Small mesh segment detected on body : Substrate
 Small mesh segment detected on body : Substrate 
 Segment Statistics - Number of Segments : 1 --- Segment length(s) : 0.711316mm. The cutoff frequency for S-Matrix Only Solve is 3.25861367391304MHz 
3 -1  10  95  # nfids, fids[]
2 6  -1  # nbids, bids[]
      4 4 1 0 #ntets ntri ned npts
           1.2864981197413118e-16   2.7250000000000000e+01   1.6000000000000001e+00 #xyz tv0
           4.3762511402735811e+00   2.5629815519365003e+01  -4.8243336303345882e-16 #xyz tv1
           3.1633422783064058e-17   2.7232942708333333e+01   8.8888888888888884e-01 #xyz tv2
           0.0000000000000000e+00   2.6500000000000000e+01   1.6000000000000001e+00 -1 6 #xyz tv3 fid bid
           1.2864981197413118e-16   2.7250000000000000e+01   1.6000000000000001e+00 #xyz tv0
           3.1633422783064058e-17   2.7232942708333333e+01   8.8888888888888884e-01 #xyz tv1
          -2.9587553163211062e+00   2.6140979594464380e+01   3.0708242374401933e+00 #xyz tv2
           0.0000000000000000e+00   2.6500000000000000e+01   1.6000000000000001e+00 -1 6 #xyz tv3 fid bid
           1.2864981197413118e-16   2.7250000000000000e+01   1.6000000000000001e+00 #xyz tv0
           3.1633422783064058e-17   2.7232942708333333e+01   8.8888888888888884e-01 #xyz tv1
           4.3762511402735811e+00   2.5629815519365003e+01  -4.8243336303345882e-16 #xyz tv2
           2.5729962394826237e-16   2.8000000000000004e+01   1.6000000000000001e+00 -1 6 #xyz tv3 fid bid
           1.2864981197413118e-16   2.7250000000000000e+01   1.6000000000000001e+00 #xyz tv0
          -2.9587553163211062e+00   2.6140979594464380e+01   3.0708242374401933e+00 #xyz tv1
           3.1633422783064058e-17   2.7232942708333333e+01   8.8888888888888884e-01 #xyz tv2
           2.5729962394826237e-16   2.8000000000000004e+01   1.6000000000000001e+00 -1 6 #xyz tv3 fid bid
           1.2864981197413118e-16   2.7250000000000000e+01   1.6000000000000001e+00 #xyz tv0
           3.1633422783064058e-17   2.7232942708333333e+01   8.8888888888888884e-01 #xyz tv1
           0.0000000000000000e+00   2.6500000000000000e+01   1.6000000000000001e+00 10 -1 #xyz tv2 fid bid
           1.2864981197413118e-16   2.7250000000000000e+01   1.6000000000000001e+00 #xyz tv0
           3.1633422783064058e-17   2.7232942708333333e+01   8.8888888888888884e-01 #xyz tv1
           0.0000000000000000e+00   2.6500000000000000e+01   1.6000000000000001e+00 95 -1 #xyz tv2 fid bid
           1.2864981197413118e-16   2.7250000000000000e+01   1.6000000000000001e+00 #xyz tv0
           2.5729962394826237e-16   2.8000000000000004e+01   1.6000000000000001e+00 #xyz tv1
           3.1633422783064058e-17   2.7232942708333333e+01   8.8888888888888884e-01 10 -1 #xyz tv2 fid bid
           1.2864981197413118e-16   2.7250000000000000e+01   1.6000000000000001e+00 #xyz tv0
           2.5729962394826237e-16   2.8000000000000004e+01   1.6000000000000001e+00 #xyz tv1
           3.1633422783064058e-17   2.7232942708333333e+01   8.8888888888888884e-01 95 -1 #xyz tv2 fid bid
           1.2864981197413118e-16   2.7250000000000000e+01   1.6000000000000001e+00 #xyz ev0
           3.1633422783064058e-17   2.7232942708333333e+01   8.8888888888888884e-01 -1 6 #xyz ev1 fid bid
   0   0.000000000000e+00   0.000000000000e+00   0.000000000000e+00 #flag location
END_ERR 
G3dErrFileVersion 2018P3.1
FlagFileMetaData Begin
   Mesh Size - Setup1, Refinement, Pass #5, Freq. 1.000000e+09 :Title    
   Listing of mesh elements with small segments. :ToolTip  
   hf3d :Author   
   1701879312 :TimeStamp
FlagFileMetaData End
BEGIN_ERR 
26 Small mesh segment detected on body : Radiation_box
 Small mesh segment detected on body : Radiation_box 
 Segment Statistics - Number of Segments : 1 --- Segment length(s) : 0.711316mm. The cutoff frequency for S-Matrix Only Solve is 3.25861367391304MHz 
3 -1  10  95  # nfids, fids[]
2 109  -1  # nbids, bids[]
      5 4 1 0 #ntets ntri ned npts
           1.2864981197413118e-16   2.7250000000000000e+01   1.6000000000000001e+00 #xyz tv0
           3.1633422783064058e-17   2.7232942708333333e+01   8.8888888888888884e-01 #xyz tv1
          -2.9587553163211062e+00   2.6140979594464380e+01   3.0708242374401933e+00 #xyz tv2
           0.0000000000000000e+00   2.6500000000000000e+01   1.6000000000000001e+00 -1 109 #xyz tv3 fid bid
           1.2864981197413118e-16   2.7250000000000000e+01   1.6000000000000001e+00 #xyz tv0
          -2.9587553163211062e+00   2.6140979594464380e+01   3.0708242374401933e+00 #xyz tv1
           3.1633422783064058e-17   2.7232942708333333e+01   8.8888888888888884e-01 #xyz tv2
           2.5729962394826237e-16   2.8000000000000004e+01   1.6000000000000001e+00 -1 109 #xyz tv3 fid bid
           3.1633422783064058e-17   2.7232942708333333e+01   8.8888888888888884e-01 #xyz tv0
           7.5778484344482422e+00   2.6500000000000000e+01   1.6000000000000001e+00 #xyz tv1
           0.0000000000000000e+00   2.6500000000000000e+01   1.6000000000000001e+00 #xyz tv2
           1.2864981197413118e-16   2.7250000000000000e+01   1.6000000000000001e+00 -1 109 #xyz tv3 fid bid
           3.4507706254761974e+00   3.1423899064724537e+01   1.6000000000000001e+00 #xyz tv0
           1.2864981197413118e-16   2.7250000000000000e+01   1.6000000000000001e+00 #xyz tv1
           3.1633422783064058e-17   2.7232942708333333e+01   8.8888888888888884e-01 #xyz tv2
           2.5729962394826237e-16   2.8000000000000004e+01   1.6000000000000001e+00 -1 109 #xyz tv3 fid bid
           3.1633422783064058e-17   2.7232942708333333e+01   8.8888888888888884e-01 #xyz tv0
           3.4507706254761974e+00   3.1423899064724537e+01   1.6000000000000001e+00 #xyz tv1
           7.5778484344482422e+00   2.6500000000000000e+01   1.6000000000000001e+00 #xyz tv2
           1.2864981197413118e-16   2.7250000000000000e+01   1.6000000000000001e+00 -1 109 #xyz tv3 fid bid
           1.2864981197413118e-16   2.7250000000000000e+01   1.6000000000000001e+00 #xyz tv0
           3.1633422783064058e-17   2.7232942708333333e+01   8.8888888888888884e-01 #xyz tv1
           0.0000000000000000e+00   2.6500000000000000e+01   1.6000000000000001e+00 10 -1 #xyz tv2 fid bid
           1.2864981197413118e-16   2.7250000000000000e+01   1.6000000000000001e+00 #xyz tv0
