G3dErrFileVersion 2018P3.1
FlagFileMetaData Begin
   Mesh Size - Setup1, Refinement, Pass #1, Freq. 1.000000e+09 :Title    
   Listing of mesh elements with small segments. :ToolTip  
   hf3d :Author   
   1701928794 :TimeStamp
FlagFileMetaData End
BEGIN_ERR 
26 Small mesh segment detected on body : Radiation_box
 Small mesh segment detected on body : Radiation_box 
 Segment Statistics - Number of Segments : 1 --- Segment length(s) : 0.750000mm. The cutoff frequency for S-Matrix Only Solve is 3.25861367391304MHz 
5 -1  7  160  10  172  # nfids, fids[]
2 186  -1  # nbids, bids[]
      10 4 1 0 #ntets ntri ned npts
          -2.8243055555555552e+00   2.8465054563492060e+01   1.4501785714285722e+00 #xyz tv0
          -9.1848509936051053e-17   2.6500000000000000e+01  -3.3306690738754701e-16 #xyz tv1
           0.0000000000000000e+00   2.5750000000000004e+01   1.6000000000000001e+00 #xyz tv2
           0.0000000000000000e+00   2.6500000000000000e+01   1.6000000000000001e+00 -1 186 #xyz tv3 fid bid
           0.0000000000000000e+00   2.5750000000000004e+01   1.6000000000000001e+00 #xyz tv0
          -8.0000000000000000e+00   5.7999999999999993e+01   1.8000000000000011e+01 #xyz tv1
          -2.8243055555555552e+00   2.8465054563492060e+01   1.4501785714285722e+00 #xyz tv2
           0.0000000000000000e+00   2.6500000000000000e+01   1.6000000000000001e+00 -1 186 #xyz tv3 fid bid
          -9.1848509936051053e-17   2.6500000000000000e+01  -3.3306690738754701e-16 #xyz tv0
           7.7500000000000000e+00   2.0000000000000000e+01   0.0000000000000000e+00 #xyz tv1
           0.0000000000000000e+00   2.5750000000000004e+01   1.6000000000000001e+00 #xyz tv2
           0.0000000000000000e+00   2.6500000000000000e+01   1.6000000000000001e+00 -1 186 #xyz tv3 fid bid
           0.0000000000000000e+00   2.5750000000000004e+01   1.6000000000000001e+00 #xyz tv0
           3.8000000000000000e+01   2.2999999999999996e+01   1.8000000000000011e+01 #xyz tv1
          -8.0000000000000000e+00   5.7999999999999993e+01   1.8000000000000011e+01 #xyz tv2
           0.0000000000000000e+00   2.6500000000000000e+01   1.6000000000000001e+00 -1 186 #xyz tv3 fid bid
           0.0000000000000000e+00   2.5750000000000004e+01   1.6000000000000001e+00 #xyz tv0
           7.7500000000000000e+00   2.0000000000000000e+01   0.0000000000000000e+00 #xyz tv1
           8.7500000000000000e+00   2.0000000000000000e+01   0.0000000000000000e+00 #xyz tv2
           0.0000000000000000e+00   2.6500000000000000e+01   1.6000000000000001e+00 -1 186 #xyz tv3 fid bid
           0.0000000000000000e+00   2.5750000000000004e+01   1.6000000000000001e+00 #xyz tv0
           3.7967425943567406e+01   1.3514199229382145e+01   6.8274147727272716e+00 #xyz tv1
           3.8000000000000000e+01   2.2999999999999996e+01   1.8000000000000011e+01 #xyz tv2
           0.0000000000000000e+00   2.6500000000000000e+01   1.6000000000000001e+00 -1 186 #xyz tv3 fid bid
           0.0000000000000000e+00   2.5750000000000004e+01   1.6000000000000001e+00 #xyz tv0
           8.7500000000000000e+00   2.0000000000000000e+01   0.0000000000000000e+00 #xyz tv1
           9.7500000000000000e+00   2.0000000000000000e+01   0.0000000000000000e+00 #xyz tv2
           0.0000000000000000e+00   2.6500000000000000e+01   1.6000000000000001e+00 -1 186 #xyz tv3 fid bid
           0.0000000000000000e+00   2.5750000000000004e+01   1.6000000000000001e+00 #xyz tv0
           4.6875000000000000e+00   2.5000000000000000e+01   1.6000000000000001e+00 #xyz tv1
           3.7967425943567406e+01   1.3514199229382145e+01   6.8274147727272716e+00 #xyz tv2
           0.0000000000000000e+00   2.6500000000000000e+01   1.6000000000000001e+00 -1 186 #xyz tv3 fid bid
           0.0000000000000000e+00   2.5750000000000004e+01   1.6000000000000001e+00 #xyz tv0
           9.7500000000000000e+00   2.0000000000000000e+01   0.0000000000000000e+00 #xyz tv1
           1.0750000000000000e+01   2.0000000000000000e+01   0.0000000000000000e+00 #xyz tv2
           0.0000000000000000e+00   2.6500000000000000e+01   1.6000000000000001e+00 -1 186 #xyz tv3 fid bid
           0.0000000000000000e+00   2.5750000000000004e+01   1.6000000000000001e+00 #xyz tv0
           1.0750000000000000e+01   2.0000000000000000e+01   0.0000000000000000e+00 #xyz tv1
           4.6875000000000000e+00   2.5000000000000000e+01   1.6000000000000001e+00 #xyz tv2
           0.0000000000000000e+00   2.6500000000000000e+01   1.6000000000000001e+00 -1 186 #xyz tv3 fid bid
           0.0000000000000000e+00   2.5750000000000004e+01   1.6000000000000001e+00 #xyz tv0
           4.6875000000000000e+00   2.5000000000000000e+01   1.6000000000000001e+00 #xyz tv1
           0.0000000000000000e+00   2.6500000000000000e+01   1.6000000000000001e+00 7 -1 #xyz tv2 fid bid
           0.0000000000000000e+00   2.5750000000000004e+01   1.6000000000000001e+00 #xyz tv0
           4.6875000000000000e+00   2.5000000000000000e+01   1.6000000000000001e+00 #xyz tv1
           0.0000000000000000e+00   2.6500000000000000e+01   1.6000000000000001e+00 160 -1 #xyz tv2 fid bid
          -9.1848509936051053e-17   2.6500000000000000e+01  -3.3306690738754701e-16 #xyz tv0
           0.0000000000000000e+00   2.5750000000000004e+01   1.6000000000000001e+00 #xyz tv1
           0.0000000000000000e+00   2.6500000000000000e+01   1.6000000000000001e+00 10 -1 #xyz tv2 fid bid
          -9.1848509936051053e-17   2.6500000000000000e+01  -3.3306690738754701e-16 #xyz tv0
           0.0000000000000000e+00   2.5750000000000004e+01   1.6000000000000001e+00 #xyz tv1
           0.0000000000000000e+00   2.6500000000000000e+01   1.6000000000000001e+00 172 -1 #xyz tv2 fid bid
           0.0000000000000000e+00   2.6500000000000000e+01   1.6000000000000001e+00 #xyz ev0
           0.0000000000000000e+00   2.5750000000000004e+01   1.6000000000000001e+00 -1 186 #xyz ev1 fid bid
   0   0.000000000000e+00   0.000000000000e+00   0.000000000000e+00 #flag location
END_ERR 
G3dErrFileVersion 2018P3.1
FlagFileMetaData Begin
   Mesh Size - Setup1, Refinement, Pass #2, Freq. 1.000000e+09 :Title    
   Listing of mesh elements with small segments. :ToolTip  
   hf3d :Author   
   1701928796 :TimeStamp
FlagFileMetaData End
BEGIN_ERR 
26 Small mesh segment detected on body : Radiation_box
 Small mesh segment detected on body : Radiation_box 
 Segment Statistics - Number of Segments : 1 --- Segment length(s) : 0.711111mm. The cutoff frequency for S-Matrix Only Solve is 3.25861367391304MHz 
3 -1  10  172  # nfids, fids[]
2 186  -1  # nbids, bids[]
      4 4 1 0 #ntets ntri ned npts
           1.2864981197413118e-16   2.7250000000000000e+01   1.6000000000000001e+00 #xyz tv0
          -2.8243055555555552e+00   2.8465054563492060e+01   1.4501785714285722e+00 #xyz tv1
           3.2677880665149367e-17   2.7250000000000000e+01   8.8888888888888884e-01 #xyz tv2
           2.5729962394826237e-16   2.8000000000000004e+01   1.6000000000000001e+00 -1 186 #xyz tv3 fid bid
           1.2864981197413118e-16   2.7250000000000000e+01   1.6000000000000001e+00 #xyz tv0
           3.2677880665149367e-17   2.7250000000000000e+01   8.8888888888888884e-01 #xyz tv1
          -2.8243055555555552e+00   2.8465054563492060e+01   1.4501785714285722e+00 #xyz tv2
           0.0000000000000000e+00   2.6500000000000000e+01   1.6000000000000001e+00 -1 186 #xyz tv3 fid bid
           3.2677880665149367e-17   2.7250000000000000e+01   8.8888888888888884e-01 #xyz tv0
           9.3750000000000000e+00   3.2750000000000000e+01   1.6000000000000001e+00 #xyz tv1
           1.2864981197413118e-16   2.7250000000000000e+01   1.6000000000000001e+00 #xyz tv2
           2.5729962394826237e-16   2.8000000000000004e+01   1.6000000000000001e+00 -1 186 #xyz tv3 fid bid
           9.3750000000000000e+00   3.2750000000000000e+01   1.6000000000000001e+00 #xyz tv0
           0.0000000000000000e+00   2.6500000000000000e+01   1.6000000000000001e+00 #xyz tv1
           3.2677880665149367e-17   2.7250000000000000e+01   8.8888888888888884e-01 #xyz tv2
           1.2864981197413118e-16   2.7250000000000000e+01   1.6000000000000001e+00 -1 186 #xyz tv3 fid bid
           1.2864981197413118e-16   2.7250000000000000e+01   1.6000000000000001e+00 #xyz tv0
           2.5729962394826237e-16   2.8000000000000004e+01   1.6000000000000001e+00 #xyz tv1
           3.2677880665149367e-17   2.7250000000000000e+01   8.8888888888888884e-01 10 -1 #xyz tv2 fid bid
           1.2864981197413118e-16   2.7250000000000000e+01   1.6000000000000001e+00 #xyz tv0
           2.5729962394826237e-16   2.8000000000000004e+01   1.6000000000000001e+00 #xyz tv1
           3.2677880665149367e-17   2.7250000000000000e+01   8.8888888888888884e-01 172 -1 #xyz tv2 fid bid
           1.2864981197413118e-16   2.7250000000000000e+01   1.6000000000000001e+00 #xyz tv0
           3.2677880665149367e-17   2.7250000000000000e+01   8.8888888888888884e-01 #xyz tv1
           0.0000000000000000e+00   2.6500000000000000e+01   1.6000000000000001e+00 10 -1 #xyz tv2 fid bid
           1.2864981197413118e-16   2.7250000000000000e+01   1.6000000000000001e+00 #xyz tv0
           3.2677880665149367e-17   2.7250000000000000e+01   8.8888888888888884e-01 #xyz tv1
           0.0000000000000000e+00   2.6500000000000000e+01   1.6000000000000001e+00 172 -1 #xyz tv2 fid bid
           3.2677880665149367e-17   2.7250000000000000e+01   8.8888888888888884e-01 #xyz ev0
           1.2864981197413118e-16   2.7250000000000000e+01   1.6000000000000001e+00 -1 186 #xyz ev1 fid bid
   0   0.000000000000e+00   0.000000000000e+00   0.000000000000e+00 #flag location
END_ERR 
G3dErrFileVersion 2018P3.1
FlagFileMetaData Begin
   Mesh Size - Setup1, Refinement, Pass #3, Freq. 1.000000e+09 :Title    
   Listing of mesh elements with small segments. :ToolTip  
   hf3d :Author   
   1701928799 :TimeStamp
FlagFileMetaData End
BEGIN_ERR 
26 Small mesh segment detected on body : Radiation_box
 Small mesh segment detected on body : Radiation_box 
 Segment Statistics - Number of Segments : 1 --- Segment length(s) : 0.711111mm. The cutoff frequency for S-Matrix Only Solve is 3.25861367391304MHz 
3 -1  10  172  # nfids, fids[]
2 186  -1  # nbids, bids[]
      4 4 1 0 #ntets ntri ned npts
           1.2864981197413118e-16   2.7250000000000000e+01   1.6000000000000001e+00 #xyz tv0
          -2.8243055555555552e+00   2.8465054563492060e+01   1.4501785714285722e+00 #xyz tv1
           3.2677880665149367e-17   2.7250000000000000e+01   8.8888888888888884e-01 #xyz tv2
           2.5729962394826237e-16   2.8000000000000004e+01   1.6000000000000001e+00 -1 186 #xyz tv3 fid bid
           1.2864981197413118e-16   2.7250000000000000e+01   1.6000000000000001e+00 #xyz tv0
           3.2677880665149367e-17   2.7250000000000000e+01   8.8888888888888884e-01 #xyz tv1
          -2.8243055555555552e+00   2.8465054563492060e+01   1.4501785714285722e+00 #xyz tv2
           0.0000000000000000e+00   2.6500000000000000e+01   1.6000000000000001e+00 -1 186 #xyz tv3 fid bid
           3.2677880665149367e-17   2.7250000000000000e+01   8.8888888888888884e-01 #xyz tv0
           4.6875000000000000e+00   3.0375000000000000e+01   1.6000000000000001e+00 #xyz tv1
           1.2864981197413118e-16   2.7250000000000000e+01   1.6000000000000001e+00 #xyz tv2
           2.5729962394826237e-16   2.8000000000000004e+01   1.6000000000000001e+00 -1 186 #xyz tv3 fid bid
           3.2677880665149367e-17   2.7250000000000000e+01   8.8888888888888884e-01 #xyz tv0
           4.6875000000000000e+00   3.0375000000000000e+01   1.6000000000000001e+00 #xyz tv1
           0.0000000000000000e+00   2.6500000000000000e+01   1.6000000000000001e+00 #xyz tv2
           1.2864981197413118e-16   2.7250000000000000e+01   1.6000000000000001e+00 -1 186 #xyz tv3 fid bid
           1.2864981197413118e-16   2.7250000000000000e+01   1.6000000000000001e+00 #xyz tv0
           2.5729962394826237e-16   2.8000000000000004e+01   1.6000000000000001e+00 #xyz tv1
           3.2677880665149367e-17   2.7250000000000000e+01   8.8888888888888884e-01 10 -1 #xyz tv2 fid bid
           1.2864981197413118e-16   2.7250000000000000e+01   1.6000000000000001e+00 #xyz tv0
           2.5729962394826237e-16   2.8000000000000004e+01   1.6000000000000001e+00 #xyz tv1
           3.2677880665149367e-17   2.7250000000000000e+01   8.8888888888888884e-01 172 -1 #xyz tv2 fid bid
           1.2864981197413118e-16   2.7250000000000000e+01   1.6000000000000001e+00 #xyz tv0
           3.2677880665149367e-17   2.7250000000000000e+01   8.8888888888888884e-01 #xyz tv1
           0.0000000000000000e+00   2.6500000000000000e+01   1.6000000000000001e+00 10 -1 #xyz tv2 fid bid
           1.2864981197413118e-16   2.7250000000000000e+01   1.6000000000000001e+00 #xyz tv0
           3.2677880665149367e-17   2.7250000000000000e+01   8.8888888888888884e-01 #xyz tv1
           0.0000000000000000e+00   2.6500000000000000e+01   1.6000000000000001e+00 172 -1 #xyz tv2 fid bid
           3.2677880665149367e-17   2.7250000000000000e+01   8.8888888888888884e-01 #xyz ev0
           1.2864981197413118e-16   2.7250000000000000e+01   1.6000000000000001e+00 -1 186 #xyz ev1 fid bid
   0   0.000000000000e+00   0.000000000000e+00   0.000000000000e+00 #flag location
END_ERR 
G3dErrFileVersion 2018P3.1
FlagFileMetaData Begin
   Mesh Size - Setup1, Refinement, Pass #4, Freq. 1.000000e+09 :Title    
   Listing of mesh elements with small segments. :ToolTip  
   hf3d :Author   
   1701928801 :TimeStamp
FlagFileMetaData End
BEGIN_ERR 
26 Small mesh segment detected on body : Substrate
 Small mesh segment detected on body : Substrate 
 Segment Statistics - Number of Segments : 1 --- Segment length(s) : 0.404123mm. The cutoff frequency for S-Matrix Only Solve is 3.25861367391304MHz 
1 -1  # nfids, fids[]
1 6  # nbids, bids[]
      6 0 1 0 #ntets ntri ned npts
           7.7500000000000000e+00   2.0250000000000000e+01   0.0000000000000000e+00 #xyz tv0
           8.7500000000000000e+00   1.8671875000000000e+01   0.0000000000000000e+00 #xyz tv1
           8.8749690281874809e+00   1.8570973452695341e+01   3.7083333333333335e-01 #xyz tv2
           8.7500000000000000e+00   2.0562500000000000e+01   0.0000000000000000e+00 -1 6 #xyz tv3 fid bid
           7.7500000000000000e+00   2.0250000000000000e+01   0.0000000000000000e+00 #xyz tv0
           8.8749690281874809e+00   1.8570973452695341e+01   3.7083333333333335e-01 #xyz tv1
           8.7500000000000000e+00   1.8671875000000000e+01   0.0000000000000000e+00 #xyz tv2
           6.8964222677050913e+00   1.7118780353850227e+01   5.0000000000000000e-01 -1 6 #xyz tv3 fid bid
           8.7500000000000000e+00   1.6308593750000004e+01   0.0000000000000000e+00 #xyz tv0
           8.7500000000000000e+00   1.8671875000000000e+01   0.0000000000000000e+00 #xyz tv1
           8.8749690281874809e+00   1.8570973452695341e+01   3.7083333333333335e-01 #xyz tv2
           6.8964222677050913e+00   1.7118780353850227e+01   5.0000000000000000e-01 -1 6 #xyz tv3 fid bid
           8.7500000000000000e+00   1.6308593750000004e+01   0.0000000000000000e+00 #xyz tv0
           8.8749690281874809e+00   1.8570973452695341e+01   3.7083333333333335e-01 #xyz tv1
           8.7500000000000000e+00   1.8671875000000000e+01   0.0000000000000000e+00 #xyz tv2
           9.7500000000000000e+00   1.7250000000000004e+01   0.0000000000000000e+00 -1 6 #xyz tv3 fid bid
           8.7500000000000000e+00   2.0562500000000000e+01   0.0000000000000000e+00 #xyz tv0
           8.7500000000000000e+00   1.8671875000000000e+01   0.0000000000000000e+00 #xyz tv1
           8.8749690281874809e+00   1.8570973452695341e+01   3.7083333333333335e-01 #xyz tv2
           9.7500000000000000e+00   2.0500000000000004e+01   0.0000000000000000e+00 -1 6 #xyz tv3 fid bid
           8.7500000000000000e+00   1.8671875000000000e+01   0.0000000000000000e+00 #xyz tv0
           9.7500000000000000e+00   1.7250000000000004e+01   0.0000000000000000e+00 #xyz tv1
           8.8749690281874809e+00   1.8570973452695341e+01   3.7083333333333335e-01 #xyz tv2
           9.7500000000000000e+00   2.0500000000000004e+01   0.0000000000000000e+00 -1 6 #xyz tv3 fid bid
           8.7500000000000000e+00   1.8671875000000000e+01   0.0000000000000000e+00 #xyz ev0
           8.8749690281874809e+00   1.8570973452695341e+01   3.7083333333333335e-01 -1 6 #xyz ev1 fid bid
   0   0.000000000000e+00   0.000000000000e+00   0.000000000000e+00 #flag location
END_ERR 
G3dErrFileVersion 2018P3.1
FlagFileMetaData Begin
   Mesh Size - Setup1, Refinement, Pass #5, Freq. 1.000000e+09 :Title    
   Listing of mesh elements with small segments. :ToolTip  
   hf3d :Author   
   1701928804 :TimeStamp
FlagFileMetaData End
BEGIN_ERR 
26 Small mesh segment detected on body : Radiation_box
 Small mesh segment detected on body : Radiation_box 
 Segment Statistics - Number of Segments : 1 --- Segment length(s) : 0.711111mm. The cutoff frequency for S-Matrix Only Solve is 3.25861367391304MHz 
3 -1  10  172  # nfids, fids[]
2 186  -1  # nbids, bids[]
      5 4 1 0 #ntets ntri ned npts
           1.2864981197413118e-16   2.7250000000000000e+01   1.6000000000000001e+00 #xyz tv0
          -5.0068538406125960e+00   2.4532454294454880e+01   1.8563089725640363e+00 #xyz tv1
           0.0000000000000000e+00   2.6500000000000000e+01   1.6000000000000001e+00 #xyz tv2
           3.2677880665149367e-17   2.7250000000000000e+01   8.8888888888888884e-01 -1 186 #xyz tv3 fid bid
           1.2864981197413118e-16   2.7250000000000000e+01   1.6000000000000001e+00 #xyz tv0
          -3.0115254927922939e+00   2.9105469242454454e+01   1.5170569771114439e+00 #xyz tv1
          -5.0068538406125960e+00   2.4532454294454880e+01   1.8563089725640363e+00 #xyz tv2
           3.2677880665149367e-17   2.7250000000000000e+01   8.8888888888888884e-01 -1 186 #xyz tv3 fid bid
           1.2864981197413118e-16   2.7250000000000000e+01   1.6000000000000001e+00 #xyz tv0
           0.0000000000000000e+00   2.6500000000000000e+01   1.6000000000000001e+00 #xyz tv1
           4.1565325642653486e+00   2.7870344553836006e+01  -6.4780873012833894e-17 #xyz tv2
           3.2677880665149367e-17   2.7250000000000000e+01   8.8888888888888884e-01 -1 186 #xyz tv3 fid bid
           1.2864981197413118e-16   2.7250000000000000e+01   1.6000000000000001e+00 #xyz tv0
          -3.0115254927922939e+00   2.9105469242454454e+01   1.5170569771114439e+00 #xyz tv1
           3.2677880665149367e-17   2.7250000000000000e+01   8.8888888888888884e-01 #xyz tv2
           2.5729962394826237e-16   2.8000000000000004e+01   1.6000000000000001e+00 -1 186 #xyz tv3 fid bid
           1.2864981197413118e-16   2.7250000000000000e+01   1.6000000000000001e+00 #xyz tv0
           4.1565325642653486e+00   2.7870344553836006e+01  -6.4780873012833894e-17 #xyz tv1
           2.5729962394826237e-16   2.8000000000000004e+01   1.6000000000000001e+00 #xyz tv2
           3.2677880665149367e-17   2.7250000000000000e+01   8.8888888888888884e-01 -1 186 #xyz tv3 fid bid
           1.2864981197413118e-16   2.7250000000000000e+01   1.6000000000000001e+00 #xyz tv0
           2.5729962394826237e-16   2.8000000000000004e+01   1.6000000000000001e+00 #xyz tv1
           3.2677880665149367e-17   2.7250000000000000e+01   8.8888888888888884e-01 10 -1 #xyz tv2 fid bid
           1.2864981197413118e-16   2.7250000000000000e+01   1.6000000000000001e+00 #xyz tv0
           2.5729962394826237e-16   2.8000000000000004e+01   1.6000000000000001e+00 #xyz tv1
           3.2677880665149367e-17   2.7250000000000000e+01   8.8888888888888884e-01 172 -1 #xyz tv2 fid bid
           1.2864981197413118e-16   2.7250000000000000e+01   1.6000000000000001e+00 #xyz tv0
           3.2677880665149367e-17   2.7250000000000000e+01   8.8888888888888884e-01 #xyz tv1
           0.0000000000000000e+00   2.6500000000000000e+01   1.6000000000000001e+00 10 -1 #xyz tv2 fid bid
           1.2864981197413118e-16   2.7250000000000000e+01   1.6000000000000001e+00 #xyz tv0
           3.2677880665149367e-17   2.7250000000000000e+01   8.8888888888888884e-01 #xyz tv1
           0.0000000000000000e+00   2.6500000000000000e+01   1.6000000000000001e+00 172 -1 #xyz tv2 fid bid
           3.2677880665149367e-17   2.7250000000000000e+01   8.8888888888888884e-01 #xyz ev0
           1.2864981197413118e-16   2.7250000000000000e+01   1.6000000000000001e+00 -1 186 #xyz ev1 fid bid
   0   0.000000000000e+00   0.000000000000e+00   0.000000000000e+00 #flag location
END_ERR 
G3dErrFileVersion 2018P3.1
FlagFileMetaData Begin
   Mesh Size - Setup1, Refinement, Pass #6, Freq. 1.000000e+09 :Title    
   Listing of mesh elements with small segments. :ToolTip  
   hf3d :Author   
   1701928806 :TimeStamp
FlagFileMetaData End
BEGIN_ERR 
26 Small mesh segment detected on body : Radiation_box
 Small mesh segment detected on body : Radiation_box 
 Segment Statistics - Number of Segments : 1 --- Segment length(s) : 0.595084mm. The cutoff frequency for S-Matrix Only Solve is 3.25861367391304MHz 
1 -1  # nfids, fids[]
1 186  # nbids, bids[]
      4 0 1 0 #ntets ntri ned npts
           3.9899255156444781e+01   1.4984827822864881e+01  -4.5052214122953871e-01 #xyz tv0
           3.7148137476923438e+01   1.5471954667567360e+01  -1.0382066514756945e+00 #xyz tv1
           3.9993496040841030e+01   1.5192956398178719e+01  -1.0000000000000000e+00 #xyz tv2
           4.0462191358024690e+01   1.8013503086419757e+01  -1.0000000000000000e+00 -1 186 #xyz tv3 fid bid
           3.9899255156444781e+01   1.4984827822864881e+01  -4.5052214122953871e-01 #xyz tv0
           3.9993496040841030e+01   1.5192956398178719e+01  -1.0000000000000000e+00 #xyz tv1
           4.1250000000000000e+01   1.2000000000000000e+01   0.0000000000000000e+00 #xyz tv2
           4.0462191358024690e+01   1.8013503086419757e+01  -1.0000000000000000e+00 -1 186 #xyz tv3 fid bid
           3.9899255156444781e+01   1.4984827822864881e+01  -4.5052214122953871e-01 #xyz tv0
           4.1250000000000000e+01   1.2000000000000000e+01   0.0000000000000000e+00 #xyz tv1
           3.9993496040841030e+01   1.5192956398178719e+01  -1.0000000000000000e+00 #xyz tv2
           3.9500000000000000e+01   1.2000000000000000e+01   0.0000000000000000e+00 -1 186 #xyz tv3 fid bid
           3.9899255156444781e+01   1.4984827822864881e+01  -4.5052214122953871e-01 #xyz tv0
           3.9993496040841030e+01   1.5192956398178719e+01  -1.0000000000000000e+00 #xyz tv1
           3.7148137476923438e+01   1.5471954667567360e+01  -1.0382066514756945e+00 #xyz tv2
           3.9500000000000000e+01   1.2000000000000000e+01   0.0000000000000000e+00 -1 186 #xyz tv3 fid bid
           3.9899255156444781e+01   1.4984827822864881e+01  -4.5052214122953871e-01 #xyz ev0
           3.9993496040841030e+01   1.5192956398178719e+01  -1.0000000000000000e+00 -1 186 #xyz ev1 fid bid
   0   0.000000000000e+00   0.000000000000e+00   0.000000000000e+00 #flag location
END_ERR 
G3dErrFileVersion 2018P3.1
FlagFileMetaData Begin
   Mesh Size - Setup1, Refinement, Pass #1, Freq. 1.000000e+09 :Title    
   Listing of mesh elements with small segments. :ToolTip  
   hf3d :Author   
   1701928991 :TimeStamp
FlagFileMetaData End
BEGIN_ERR 
26 Small mesh segment detected on body : Radiation_box
 Small mesh segment detected on body : Radiation_box 
 Segment Statistics - Number of Segments : 1 --- Segment length(s) : 0.125000mm. The cutoff frequency for S-Matrix Only Solve is 3.25861367391304MHz 
3 -1  8  44  # nfids, fids[]
2 186  -1  # nbids, bids[]
      6 3 1 0 #ntets ntri ned npts
           8.8750000000000036e+00   1.2000000000000000e+01   0.0000000000000000e+00 #xyz tv0
           8.7500000000000000e+00   1.3000000000000005e+01   0.0000000000000000e+00 #xyz tv1
           1.5000000000000000e+01   5.4999999999999982e+00  -2.0000000000000000e+00 #xyz tv2
           8.8750000000000036e+00   1.3000000000000005e+01   0.0000000000000000e+00 -1 186 #xyz tv3 fid bid
           8.8750000000000036e+00   1.3000000000000005e+01   0.0000000000000000e+00 #xyz tv0
           8.7500000000000000e+00   1.3000000000000005e+01   0.0000000000000000e+00 #xyz tv1
           1.5000000000000000e+01   5.4999999999999982e+00  -2.0000000000000000e+00 #xyz tv2
           9.7500000000000000e+00   1.4000000000000002e+01   0.0000000000000000e+00 -1 186 #xyz tv3 fid bid
           8.8750000000000036e+00   0.0000000000000000e+00   1.6000000000000001e+00 #xyz tv0
           8.8750000000000036e+00   1.3000000000000005e+01   0.0000000000000000e+00 #xyz tv1
           8.7500000000000000e+00   1.3000000000000005e+01   0.0000000000000000e+00 #xyz tv2
           8.8750000000000036e+00   1.2000000000000000e+01   0.0000000000000000e+00 -1 186 #xyz tv3 fid bid
           8.7500000000000000e+00   1.3000000000000005e+01   0.0000000000000000e+00 #xyz tv0
           8.8750000000000036e+00   1.3000000000000005e+01   0.0000000000000000e+00 #xyz tv1
           1.8750000000000000e+01   2.3500000000000000e+01   1.6000000000000001e+00 #xyz tv2
           9.7500000000000000e+00   1.4000000000000002e+01   0.0000000000000000e+00 -1 186 #xyz tv3 fid bid
           8.8750000000000036e+00   0.0000000000000000e+00   1.6000000000000001e+00 #xyz tv0
           8.7500000000000000e+00   1.3000000000000005e+01   0.0000000000000000e+00 #xyz tv1
           8.8750000000000036e+00   1.3000000000000005e+01   0.0000000000000000e+00 #xyz tv2
           0.0000000000000000e+00   9.0000000000000053e+00   1.6000000000000001e+00 -1 186 #xyz tv3 fid bid
           8.7500000000000000e+00   1.3000000000000005e+01   0.0000000000000000e+00 #xyz tv0
           1.8750000000000000e+01   2.3500000000000000e+01   1.6000000000000001e+00 #xyz tv1
           8.8750000000000036e+00   1.3000000000000005e+01   0.0000000000000000e+00 #xyz tv2
           0.0000000000000000e+00   9.0000000000000053e+00   1.6000000000000001e+00 -1 186 #xyz tv3 fid bid
           8.7500000000000000e+00   1.3000000000000005e+01   0.0000000000000000e+00 #xyz tv0
           9.7500000000000000e+00   1.4000000000000002e+01   0.0000000000000000e+00 #xyz tv1
           8.8750000000000036e+00   1.3000000000000005e+01   0.0000000000000000e+00 8 -1 #xyz tv2 fid bid
           8.7500000000000000e+00   1.3000000000000005e+01   0.0000000000000000e+00 #xyz tv0
           9.7500000000000000e+00   1.4000000000000002e+01   0.0000000000000000e+00 #xyz tv1
           8.8750000000000036e+00   1.3000000000000005e+01   0.0000000000000000e+00 44 -1 #xyz tv2 fid bid
           8.8750000000000036e+00   1.3000000000000005e+01   0.0000000000000000e+00 #xyz tv0
           8.8750000000000036e+00   1.2000000000000000e+01   0.0000000000000000e+00 #xyz tv1
           8.7500000000000000e+00   1.3000000000000005e+01   0.0000000000000000e+00 8 -1 #xyz tv2 fid bid
           8.8750000000000036e+00   1.3000000000000005e+01   0.0000000000000000e+00 #xyz ev0
           8.7500000000000000e+00   1.3000000000000005e+01   0.0000000000000000e+00 -1 186 #xyz ev1 fid bid
   0   0.000000000000e+00   0.000000000000e+00   0.000000000000e+00 #flag location
END_ERR 
G3dErrFileVersion 2018P3.1
FlagFileMetaData Begin
   Mesh Size - Setup1, Refinement, Pass #2, Freq. 1.000000e+09 :Title    
   Listing of mesh elements with small segments. :ToolTip  
   hf3d :Author   
   1701928993 :TimeStamp
FlagFileMetaData End
BEGIN_ERR 
26 Small mesh segment detected on body : Radiation_box
 Small mesh segment detected on body : Radiation_box 
 Segment Statistics - Number of Segments : 1 --- Segment length(s) : 0.697471mm. The cutoff frequency for S-Matrix Only Solve is 3.25861367391304MHz 
3 -1  10  172  # nfids, fids[]
2 186  -1  # nbids, bids[]
      5 4 1 0 #ntets ntri ned npts
          -1.7429740085656535e-16   2.3449999999999999e+01   7.9999999999999949e-01 #xyz tv0
          -1.0567824307321749e-16   2.4138563368055557e+01   9.1111111111111098e-01 #xyz tv1
          -8.0000000000000000e+00   2.8833333333333321e+01   3.4191666666666678e+00 #xyz tv2
          -8.0000000000000000e+00   2.2999999999999996e+01  -2.0000000000000000e+00 -1 186 #xyz tv3 fid bid
          -8.0000000000000000e+00   2.2999999999999996e+01  -2.0000000000000000e+00 #xyz tv0
          -1.7429740085656535e-16   2.3449999999999999e+01   7.9999999999999949e-01 #xyz tv1
          -1.0567824307321749e-16   2.4138563368055557e+01   9.1111111111111098e-01 #xyz tv2
          -2.1957534406587293e-16   2.4414062500000000e+01  -7.9623807547335455e-16 -1 186 #xyz tv3 fid bid
          -1.7429740085656535e-16   2.3449999999999999e+01   7.9999999999999949e-01 #xyz tv0
          -8.0000000000000000e+00   2.8833333333333321e+01   3.4191666666666678e+00 #xyz tv1
          -1.0567824307321749e-16   2.4138563368055557e+01   9.1111111111111098e-01 #xyz tv2
           0.0000000000000000e+00   2.3500000000000000e+01   1.6000000000000001e+00 -1 186 #xyz tv3 fid bid
          -1.0567824307321749e-16   2.4138563368055557e+01   9.1111111111111098e-01 #xyz tv0
           7.7500000000000000e+00   2.1250000000000000e+01   0.0000000000000000e+00 #xyz tv1
          -2.1957534406587293e-16   2.4414062500000000e+01  -7.9623807547335455e-16 #xyz tv2
          -1.7429740085656535e-16   2.3449999999999999e+01   7.9999999999999949e-01 -1 186 #xyz tv3 fid bid
           0.0000000000000000e+00   2.3500000000000000e+01   1.6000000000000001e+00 #xyz tv0
           7.7500000000000000e+00   2.1250000000000000e+01   0.0000000000000000e+00 #xyz tv1
          -1.0567824307321749e-16   2.4138563368055557e+01   9.1111111111111098e-01 #xyz tv2
          -1.7429740085656535e-16   2.3449999999999999e+01   7.9999999999999949e-01 -1 186 #xyz tv3 fid bid
          -1.0567824307321749e-16   2.4138563368055557e+01   9.1111111111111098e-01 #xyz tv0
          -2.1957534406587293e-16   2.4414062500000000e+01  -7.9623807547335455e-16 #xyz tv1
          -1.7429740085656535e-16   2.3449999999999999e+01   7.9999999999999949e-01 10 -1 #xyz tv2 fid bid
          -1.0567824307321749e-16   2.4138563368055557e+01   9.1111111111111098e-01 #xyz tv0
          -2.1957534406587293e-16   2.4414062500000000e+01  -7.9623807547335455e-16 #xyz tv1
          -1.7429740085656535e-16   2.3449999999999999e+01   7.9999999999999949e-01 172 -1 #xyz tv2 fid bid
           0.0000000000000000e+00   2.3500000000000000e+01   1.6000000000000001e+00 #xyz tv0
          -1.0567824307321749e-16   2.4138563368055557e+01   9.1111111111111098e-01 #xyz tv1
          -1.7429740085656535e-16   2.3449999999999999e+01   7.9999999999999949e-01 10 -1 #xyz tv2 fid bid
           0.0000000000000000e+00   2.3500000000000000e+01   1.6000000000000001e+00 #xyz tv0
          -1.0567824307321749e-16   2.4138563368055557e+01   9.1111111111111098e-01 #xyz tv1
          -1.7429740085656535e-16   2.3449999999999999e+01   7.9999999999999949e-01 172 -1 #xyz tv2 fid bid
          -1.7429740085656535e-16   2.3449999999999999e+01   7.9999999999999949e-01 #xyz ev0
          -1.0567824307321749e-16   2.4138563368055557e+01   9.1111111111111098e-01 -1 186 #xyz ev1 fid bid
   0   0.000000000000e+00   0.000000000000e+00   0.000000000000e+00 #flag location
END_ERR 
G3dErrFileVersion 2018P3.1
FlagFileMetaData Begin
   Mesh Size - Setup1, Refinement, Pass #3, Freq. 1.000000e+09 :Title    
   Listing of mesh elements with small segments. :ToolTip  
   hf3d :Author   
   1701928996 :TimeStamp
FlagFileMetaData End
BEGIN_ERR 
26 Small mesh segment detected on body : Substrate
 Small mesh segment detected on body : Substrate 
 Segment Statistics - Number of Segments : 1 --- Segment length(s) : 0.687946mm. The cutoff frequency for S-Matrix Only Solve is 3.25861367391304MHz 
3 -1  10  172  # nfids, fids[]
2 6  -1  # nbids, bids[]
      4 4 1 0 #ntets ntri ned npts
           1.2864981197413118e-16   2.7250000000000000e+01   1.6000000000000001e+00 #xyz tv0
           3.9725633341078460e-17   2.7222786458333335e+01   9.1259259259259251e-01 #xyz tv1
           2.2142857142857149e+00   2.7426351342041446e+01  -1.2647878041777993e-16 #xyz tv2
           2.5729962394826237e-16   2.8000000000000004e+01   1.6000000000000001e+00 -1 6 #xyz tv3 fid bid
           1.2864981197413118e-16   2.7250000000000000e+01   1.6000000000000001e+00 #xyz tv0
           2.2142857142857149e+00   2.7426351342041446e+01  -1.2647878041777993e-16 #xyz tv1
           3.9725633341078460e-17   2.7222786458333335e+01   9.1259259259259251e-01 #xyz tv2
           0.0000000000000000e+00   2.6500000000000000e+01   1.6000000000000001e+00 -1 6 #xyz tv3 fid bid
           3.9725633341078460e-17   2.7222786458333335e+01   9.1259259259259251e-01 #xyz tv0
          -8.0000000000000000e+00   2.8833333333333321e+01   3.4191666666666678e+00 #xyz tv1
           2.5729962394826237e-16   2.8000000000000004e+01   1.6000000000000001e+00 #xyz tv2
           1.2864981197413118e-16   2.7250000000000000e+01   1.6000000000000001e+00 -1 6 #xyz tv3 fid bid
           3.9725633341078460e-17   2.7222786458333335e+01   9.1259259259259251e-01 #xyz tv0
          -8.0000000000000000e+00   2.8833333333333321e+01   3.4191666666666678e+00 #xyz tv1
           1.2864981197413118e-16   2.7250000000000000e+01   1.6000000000000001e+00 #xyz tv2
           0.0000000000000000e+00   2.6500000000000000e+01   1.6000000000000001e+00 -1 6 #xyz tv3 fid bid
           1.2864981197413118e-16   2.7250000000000000e+01   1.6000000000000001e+00 #xyz tv0
           3.9725633341078460e-17   2.7222786458333335e+01   9.1259259259259251e-01 #xyz tv1
           0.0000000000000000e+00   2.6500000000000000e+01   1.6000000000000001e+00 10 -1 #xyz tv2 fid bid
           1.2864981197413118e-16   2.7250000000000000e+01   1.6000000000000001e+00 #xyz tv0
           3.9725633341078460e-17   2.7222786458333335e+01   9.1259259259259251e-01 #xyz tv1
           0.0000000000000000e+00   2.6500000000000000e+01   1.6000000000000001e+00 172 -1 #xyz tv2 fid bid
           1.2864981197413118e-16   2.7250000000000000e+01   1.6000000000000001e+00 #xyz tv0
           2.5729962394826237e-16   2.8000000000000004e+01   1.6000000000000001e+00 #xyz tv1
           3.9725633341078460e-17   2.7222786458333335e+01   9.1259259259259251e-01 10 -1 #xyz tv2 fid bid
           1.2864981197413118e-16   2.7250000000000000e+01   1.6000000000000001e+00 #xyz tv0
           2.5729962394826237e-16   2.8000000000000004e+01   1.6000000000000001e+00 #xyz tv1
           3.9725633341078460e-17   2.7222786458333335e+01   9.1259259259259251e-01 172 -1 #xyz tv2 fid bid
           1.2864981197413118e-16   2.7250000000000000e+01   1.6000000000000001e+00 #xyz ev0
           3.9725633341078460e-17   2.7222786458333335e+01   9.1259259259259251e-01 -1 6 #xyz ev1 fid bid
   0   0.000000000000e+00   0.000000000000e+00   0.000000000000e+00 #flag location
END_ERR 
G3dErrFileVersion 2018P3.1
FlagFileMetaData Begin
   Mesh Size - Setup1, Refinement, Pass #4, Freq. 1.000000e+09 :Title    
   Listing of mesh elements with small segments. :ToolTip  
   hf3d :Author   
   1701928998 :TimeStamp
FlagFileMetaData End
BEGIN_ERR 
26 Small mesh segment detected on body : Substrate
 Small mesh segment detected on body : Substrate 
 Segment Statistics - Number of Segments : 1 --- Segment length(s) : 0.579703mm. The cutoff frequency for S-Matrix Only Solve is 3.25861367391304MHz 
1 -1  # nfids, fids[]
1 6  # nbids, bids[]
      6 0 1 0 #ntets ntri ned npts
           8.7500000000000000e+00   2.0000000000000000e+01   0.0000000000000000e+00 #xyz tv0
           7.7500000000000000e+00   2.3607421875000000e+01   0.0000000000000000e+00 #xyz tv1
           7.8864536162078194e+00   2.3491892906697949e+01   5.5144217451523547e-01 #xyz tv2
           7.7500000000000000e+00   2.0406250000000000e+01   0.0000000000000000e+00 -1 6 #xyz tv3 fid bid
           8.7500000000000000e+00   2.0000000000000000e+01   0.0000000000000000e+00 #xyz tv0
           7.8864536162078194e+00   2.3491892906697949e+01   5.5144217451523547e-01 #xyz tv1
           7.7500000000000000e+00   2.3607421875000000e+01   0.0000000000000000e+00 #xyz tv2
           8.7500000000000000e+00   2.4250000000000000e+01   0.0000000000000000e+00 -1 6 #xyz tv3 fid bid
           3.4309295192473339e+00   2.2156116279928369e+01   7.2600308641975286e-01 #xyz tv0
           7.8864536162078194e+00   2.3491892906697949e+01   5.5144217451523547e-01 #xyz tv1
           7.7500000000000000e+00   2.3607421875000000e+01   0.0000000000000000e+00 #xyz tv2
           7.7500000000000000e+00   2.0406250000000000e+01   0.0000000000000000e+00 -1 6 #xyz tv3 fid bid
           7.7500000000000000e+00   2.3607421875000000e+01   0.0000000000000000e+00 #xyz tv0
           8.7500000000000000e+00   2.4250000000000000e+01   0.0000000000000000e+00 #xyz tv1
           7.8864536162078194e+00   2.3491892906697949e+01   5.5144217451523547e-01 #xyz tv2
           7.7500000000000000e+00   2.6808593750000000e+01   0.0000000000000000e+00 -1 6 #xyz tv3 fid bid
           3.4309295192473339e+00   2.2156116279928369e+01   7.2600308641975286e-01 #xyz tv0
           7.7500000000000000e+00   2.3607421875000000e+01   0.0000000000000000e+00 #xyz tv1
           7.8864536162078194e+00   2.3491892906697949e+01   5.5144217451523547e-01 #xyz tv2
           3.7827380952380949e+00   2.4319910144002300e+01  -1.6228435001202315e-16 -1 6 #xyz tv3 fid bid
           7.7500000000000000e+00   2.3607421875000000e+01   0.0000000000000000e+00 #xyz tv0
           7.8864536162078194e+00   2.3491892906697949e+01   5.5144217451523547e-01 #xyz tv1
           3.7827380952380949e+00   2.4319910144002300e+01  -1.6228435001202315e-16 #xyz tv2
           7.7500000000000000e+00   2.6808593750000000e+01   0.0000000000000000e+00 -1 6 #xyz tv3 fid bid
           7.8864536162078194e+00   2.3491892906697949e+01   5.5144217451523547e-01 #xyz ev0
           7.7500000000000000e+00   2.3607421875000000e+01   0.0000000000000000e+00 -1 6 #xyz ev1 fid bid
   0   0.000000000000e+00   0.000000000000e+00   0.000000000000e+00 #flag location
END_ERR 
G3dErrFileVersion 2018P3.1
FlagFileMetaData Begin
   Mesh Size - Setup1, Refinement, Pass #5, Freq. 1.000000e+09 :Title    
   Listing of mesh elements with small segments. :ToolTip  
   hf3d :Author   
   1701929001 :TimeStamp
FlagFileMetaData End
BEGIN_ERR 
26 Small mesh segment detected on body : Substrate
 Small mesh segment detected on body : Substrate 
 Segment Statistics - Number of Segments : 1 --- Segment length(s) : 0.572763mm. The cutoff frequency for S-Matrix Only Solve is 3.25861367391304MHz 
1 -1  # nfids, fids[]
1 6  # nbids, bids[]
      7 0 1 0 #ntets ntri ned npts
           7.7500000000000000e+00   2.3565030097961429e+01   0.0000000000000000e+00 #xyz tv0
           5.6044748128137787e+00   2.2541714486200789e+01   7.1567425914261495e-01 #xyz tv1
           5.8370836079120636e+00   2.3500000000000000e+01   1.6000000000000001e+00 #xyz tv2
           7.8864536162078194e+00   2.3491892906697949e+01   5.5144217451523547e-01 -1 6 #xyz tv3 fid bid
           7.7500000000000000e+00   2.3565030097961429e+01   0.0000000000000000e+00 #xyz tv0
           5.8370836079120636e+00   2.3500000000000000e+01   1.6000000000000001e+00 #xyz tv1
           7.7500000000000000e+00   2.6680133819580078e+01   0.0000000000000000e+00 #xyz tv2
           7.8864536162078194e+00   2.3491892906697949e+01   5.5144217451523547e-01 -1 6 #xyz tv3 fid bid
           5.6044748128137787e+00   2.2541714486200789e+01   7.1567425914261495e-01 #xyz tv0
           7.7500000000000000e+00   2.3565030097961429e+01   0.0000000000000000e+00 #xyz tv1
           6.1636958034845799e+00   2.1744657513280430e+01   5.6439512902954081e-01 #xyz tv2
           7.8864536162078194e+00   2.3491892906697949e+01   5.5144217451523547e-01 -1 6 #xyz tv3 fid bid
           7.7500000000000000e+00   2.3565030097961429e+01   0.0000000000000000e+00 #xyz tv0
           8.7500000000000000e+00   2.3718750000000000e+01   0.0000000000000000e+00 #xyz tv1
           7.8864536162078194e+00   2.3491892906697949e+01   5.5144217451523547e-01 #xyz tv2
           7.7500000000000000e+00   2.6680133819580078e+01   0.0000000000000000e+00 -1 6 #xyz tv3 fid bid
           6.1636958034845799e+00   2.1744657513280430e+01   5.6439512902954081e-01 #xyz tv0
