G3dErrFileVersion 2018P3.1
FlagFileMetaData Begin
   Mesh Size - Setup1, Refinement, Pass #1, Freq. 2.000000e+09 :Title    
   Listing of mesh elements with small segments. :ToolTip  
   hf3d :Author   
   1701710870 :TimeStamp
FlagFileMetaData End
BEGIN_ERR 
26 Small mesh segment detected on body : Box1
 Small mesh segment detected on body : Box1 
 Segment Statistics - Number of Segments : 1 --- Segment length(s) : 19.171920mm. The cutoff frequency for S-Matrix Only Solve is 3.99723277333333MHz 
4 -1  8  80  84  # nfids, fids[]
2 6  -1  # nbids, bids[]
      4 6 1 0 #ntets ntri ned npts
           1.8750000000000000e+01   1.0000000000000000e+01   0.0000000000000000e+00 #xyz tv0
           3.7500000000000000e+01   4.5000000000000009e+00  -3.3306690738754686e-16 #xyz tv1
           2.9296875000000000e+01   1.5000000000000000e+00   1.6000000000000001e+00 #xyz tv2
           3.7500000000000000e+01   6.0000000000000000e+00  -5.9081467666885550e-32 -1 6 #xyz tv3 fid bid
           3.7500000000000000e+01   6.0000000000000000e+00  -2.5000000000000000e+00 #xyz tv0
           3.7500000000000000e+01   4.5000000000000009e+00  -3.3306690738754686e-16 #xyz tv1
           1.8750000000000000e+01   1.0000000000000000e+01   0.0000000000000000e+00 #xyz tv2
           3.7500000000000000e+01   6.0000000000000000e+00  -5.9081467666885550e-32 -1 6 #xyz tv3 fid bid
           2.9296875000000000e+01   1.5000000000000000e+00   1.6000000000000001e+00 #xyz tv0
           3.7500000000000000e+01   1.0000000000000000e+01   0.0000000000000000e+00 #xyz tv1
           1.8750000000000000e+01   1.0000000000000000e+01   0.0000000000000000e+00 #xyz tv2
           3.7500000000000000e+01   6.0000000000000000e+00  -5.9081467666885550e-32 -1 6 #xyz tv3 fid bid
           1.8750000000000000e+01   1.0000000000000000e+01   0.0000000000000000e+00 #xyz tv0
           3.7500000000000000e+01   6.0000000000000000e+00  -2.5000000000000000e+00 #xyz tv1
           3.7500000000000000e+01   6.0000000000000000e+00  -5.9081467666885550e-32 #xyz tv2
           3.7500000000000000e+01   1.0000000000000000e+01   0.0000000000000000e+00 -1 6 #xyz tv3 fid bid
           1.8750000000000000e+01   1.0000000000000000e+01   0.0000000000000000e+00 #xyz tv0
           3.7500000000000000e+01   1.0000000000000000e+01   0.0000000000000000e+00 #xyz tv1
           3.7500000000000000e+01   6.0000000000000000e+00  -5.9081467666885550e-32 8 -1 #xyz tv2 fid bid
           1.8750000000000000e+01   1.0000000000000000e+01   0.0000000000000000e+00 #xyz tv0
           3.7500000000000000e+01   1.0000000000000000e+01   0.0000000000000000e+00 #xyz tv1
           3.7500000000000000e+01   6.0000000000000000e+00  -5.9081467666885550e-32 80 -1 #xyz tv2 fid bid
           1.8750000000000000e+01   1.0000000000000000e+01   0.0000000000000000e+00 #xyz tv0
           3.7500000000000000e+01   1.0000000000000000e+01   0.0000000000000000e+00 #xyz tv1
           3.7500000000000000e+01   6.0000000000000000e+00  -5.9081467666885550e-32 84 -1 #xyz tv2 fid bid
           3.7500000000000000e+01   4.5000000000000009e+00  -3.3306690738754686e-16 #xyz tv0
           1.8750000000000000e+01   1.0000000000000000e+01   0.0000000000000000e+00 #xyz tv1
           3.7500000000000000e+01   6.0000000000000000e+00  -5.9081467666885550e-32 8 -1 #xyz tv2 fid bid
           3.7500000000000000e+01   4.5000000000000009e+00  -3.3306690738754686e-16 #xyz tv0
           1.8750000000000000e+01   1.0000000000000000e+01   0.0000000000000000e+00 #xyz tv1
           3.7500000000000000e+01   6.0000000000000000e+00  -5.9081467666885550e-32 80 -1 #xyz tv2 fid bid
           3.7500000000000000e+01   4.5000000000000009e+00  -3.3306690738754686e-16 #xyz tv0
           1.8750000000000000e+01   1.0000000000000000e+01   0.0000000000000000e+00 #xyz tv1
           3.7500000000000000e+01   6.0000000000000000e+00  -5.9081467666885550e-32 84 -1 #xyz tv2 fid bid
           3.7500000000000000e+01   6.0000000000000000e+00  -5.9081467666885550e-32 #xyz ev0
           1.8750000000000000e+01   1.0000000000000000e+01   0.0000000000000000e+00 -1 6 #xyz ev1 fid bid
   0   0.000000000000e+00   0.000000000000e+00   0.000000000000e+00 #flag location
END_ERR 
G3dErrFileVersion 2018P3.1
FlagFileMetaData Begin
   Mesh Size - Setup1, Refinement, Pass #2, Freq. 2.000000e+09 :Title    
   Listing of mesh elements with small segments. :ToolTip  
   hf3d :Author   
   1701710872 :TimeStamp
FlagFileMetaData End
BEGIN_ERR 
26 Small mesh segment detected on body : Box1
 Small mesh segment detected on body : Box1 
 Segment Statistics - Number of Segments : 1 --- Segment length(s) : 7.933042mm. The cutoff frequency for S-Matrix Only Solve is 3.99723277333333MHz 
4 -1  8  80  84  # nfids, fids[]
2 6  -1  # nbids, bids[]
      5 6 1 0 #ntets ntri ned npts
           2.0486111111111107e+01  -2.2592592592592595e+00  -1.2582527612418436e-15 #xyz tv0
           9.5357510288065850e+00  -2.4443303090089024e+00  -5.0605255472228462e-16 #xyz tv1
           1.8750000000000000e+01  -1.0000000000000000e+01   1.6000000000000001e+00 #xyz tv2
           1.8750000000000000e+01  -1.0000000000000000e+01   0.0000000000000000e+00 -1 6 #xyz tv3 fid bid
           2.3437500000000000e+01  -5.7500000000000000e+00   1.6000000000000001e+00 #xyz tv0
           2.0486111111111107e+01  -2.2592592592592595e+00  -1.2582527612418436e-15 #xyz tv1
           1.8750000000000000e+01  -1.0000000000000000e+01   1.6000000000000001e+00 #xyz tv2
           1.8750000000000000e+01  -1.0000000000000000e+01   0.0000000000000000e+00 -1 6 #xyz tv3 fid bid
           9.5357510288065850e+00  -2.4443303090089024e+00  -5.0605255472228462e-16 #xyz tv0
           2.0486111111111107e+01  -2.2592592592592595e+00  -1.2582527612418436e-15 #xyz tv1
           1.4298013653120712e+01  -5.2793628880310788e+00  -8.4472656250000022e-01 #xyz tv2
           1.8750000000000000e+01  -1.0000000000000000e+01   0.0000000000000000e+00 -1 6 #xyz tv3 fid bid
           2.8125000000000000e+01  -1.0000000000000000e+01   0.0000000000000000e+00 #xyz tv0
           2.3437500000000000e+01  -5.7500000000000000e+00   1.6000000000000001e+00 #xyz tv1
           1.8750000000000000e+01  -1.0000000000000000e+01   0.0000000000000000e+00 #xyz tv2
           2.0486111111111107e+01  -2.2592592592592595e+00  -1.2582527612418436e-15 -1 6 #xyz tv3 fid bid
           1.4298013653120712e+01  -5.2793628880310788e+00  -8.4472656250000022e-01 #xyz tv0
           2.0486111111111107e+01  -2.2592592592592595e+00  -1.2582527612418436e-15 #xyz tv1
           2.8125000000000000e+01  -1.0000000000000000e+01   0.0000000000000000e+00 #xyz tv2
           1.8750000000000000e+01  -1.0000000000000000e+01   0.0000000000000000e+00 -1 6 #xyz tv3 fid bid
           2.8125000000000000e+01  -1.0000000000000000e+01   0.0000000000000000e+00 #xyz tv0
           1.8750000000000000e+01  -1.0000000000000000e+01   0.0000000000000000e+00 #xyz tv1
           2.0486111111111107e+01  -2.2592592592592595e+00  -1.2582527612418436e-15 8 -1 #xyz tv2 fid bid
           2.8125000000000000e+01  -1.0000000000000000e+01   0.0000000000000000e+00 #xyz tv0
           1.8750000000000000e+01  -1.0000000000000000e+01   0.0000000000000000e+00 #xyz tv1
           2.0486111111111107e+01  -2.2592592592592595e+00  -1.2582527612418436e-15 80 -1 #xyz tv2 fid bid
           2.8125000000000000e+01  -1.0000000000000000e+01   0.0000000000000000e+00 #xyz tv0
           1.8750000000000000e+01  -1.0000000000000000e+01   0.0000000000000000e+00 #xyz tv1
           2.0486111111111107e+01  -2.2592592592592595e+00  -1.2582527612418436e-15 84 -1 #xyz tv2 fid bid
           9.5357510288065850e+00  -2.4443303090089024e+00  -5.0605255472228462e-16 #xyz tv0
           2.0486111111111107e+01  -2.2592592592592595e+00  -1.2582527612418436e-15 #xyz tv1
           1.8750000000000000e+01  -1.0000000000000000e+01   0.0000000000000000e+00 8 -1 #xyz tv2 fid bid
           9.5357510288065850e+00  -2.4443303090089024e+00  -5.0605255472228462e-16 #xyz tv0
           2.0486111111111107e+01  -2.2592592592592595e+00  -1.2582527612418436e-15 #xyz tv1
           1.8750000000000000e+01  -1.0000000000000000e+01   0.0000000000000000e+00 80 -1 #xyz tv2 fid bid
           9.5357510288065850e+00  -2.4443303090089024e+00  -5.0605255472228462e-16 #xyz tv0
           2.0486111111111107e+01  -2.2592592592592595e+00  -1.2582527612418436e-15 #xyz tv1
           1.8750000000000000e+01  -1.0000000000000000e+01   0.0000000000000000e+00 84 -1 #xyz tv2 fid bid
           1.8750000000000000e+01  -1.0000000000000000e+01   0.0000000000000000e+00 #xyz ev0
           2.0486111111111107e+01  -2.2592592592592595e+00  -1.2582527612418436e-15 -1 6 #xyz ev1 fid bid
   0   0.000000000000e+00   0.000000000000e+00   0.000000000000e+00 #flag location
END_ERR 
G3dErrFileVersion 2018P3.1
FlagFileMetaData Begin
   Mesh Size - Setup1, Refinement, Pass #3, Freq. 2.000000e+09 :Title    
   Listing of mesh elements with small segments. :ToolTip  
   hf3d :Author   
   1701710875 :TimeStamp
FlagFileMetaData End
BEGIN_ERR 
26 Small mesh segment detected on body : Box1
 Small mesh segment detected on body : Box1 
 Segment Statistics - Number of Segments : 1 --- Segment length(s) : 7.933042mm. The cutoff frequency for S-Matrix Only Solve is 3.99723277333333MHz 
4 -1  8  80  84  # nfids, fids[]
2 6  -1  # nbids, bids[]
      6 6 1 0 #ntets ntri ned npts
           2.0486111111111107e+01  -2.2592592592592595e+00  -1.2582527612418436e-15 #xyz tv0
           1.8750000000000000e+01  -1.0000000000000000e+01   0.0000000000000000e+00 #xyz tv1
           1.4062500000000000e+01  -5.7500000000000000e+00   1.6000000000000001e+00 #xyz tv2
           1.8750000000000000e+01  -1.0000000000000000e+01   1.6000000000000001e+00 -1 6 #xyz tv3 fid bid
           2.0486111111111107e+01  -2.2592592592592595e+00  -1.2582527612418436e-15 #xyz tv0
           1.4062500000000000e+01  -5.7500000000000000e+00   1.6000000000000001e+00 #xyz tv1
           1.8750000000000000e+01  -1.0000000000000000e+01   0.0000000000000000e+00 #xyz tv2
           9.6071959304983992e+00  -1.3084771130128590e+00  -4.3490532803214738e-16 -1 6 #xyz tv3 fid bid
           2.3437500000000000e+01  -5.4666666666666668e+00   1.6000000000000001e+00 #xyz tv0
           2.0486111111111107e+01  -2.2592592592592595e+00  -1.2582527612418436e-15 #xyz tv1
           1.8750000000000000e+01  -1.0000000000000000e+01   1.6000000000000001e+00 #xyz tv2
           1.8750000000000000e+01  -1.0000000000000000e+01   0.0000000000000000e+00 -1 6 #xyz tv3 fid bid
           2.8125000000000000e+01  -1.0000000000000000e+01   0.0000000000000000e+00 #xyz tv0
           2.3437500000000000e+01  -5.4666666666666668e+00   1.6000000000000001e+00 #xyz tv1
           1.8750000000000000e+01  -1.0000000000000000e+01   0.0000000000000000e+00 #xyz tv2
           2.0486111111111107e+01  -2.2592592592592595e+00  -1.2582527612418436e-15 -1 6 #xyz tv3 fid bid
           9.6071959304983992e+00  -1.3084771130128590e+00  -4.3490532803214738e-16 #xyz tv0
           2.0486111111111107e+01  -2.2592592592592595e+00  -1.2582527612418436e-15 #xyz tv1
           1.3789069488669583e+01  -4.9255618505691707e+00  -8.3404541015625022e-01 #xyz tv2
           1.8750000000000000e+01  -1.0000000000000000e+01   0.0000000000000000e+00 -1 6 #xyz tv3 fid bid
           1.3789069488669583e+01  -4.9255618505691707e+00  -8.3404541015625022e-01 #xyz tv0
           2.0486111111111107e+01  -2.2592592592592595e+00  -1.2582527612418436e-15 #xyz tv1
           2.8125000000000000e+01  -1.0000000000000000e+01   0.0000000000000000e+00 #xyz tv2
           1.8750000000000000e+01  -1.0000000000000000e+01   0.0000000000000000e+00 -1 6 #xyz tv3 fid bid
           2.8125000000000000e+01  -1.0000000000000000e+01   0.0000000000000000e+00 #xyz tv0
           1.8750000000000000e+01  -1.0000000000000000e+01   0.0000000000000000e+00 #xyz tv1
           2.0486111111111107e+01  -2.2592592592592595e+00  -1.2582527612418436e-15 8 -1 #xyz tv2 fid bid
           2.8125000000000000e+01  -1.0000000000000000e+01   0.0000000000000000e+00 #xyz tv0
           1.8750000000000000e+01  -1.0000000000000000e+01   0.0000000000000000e+00 #xyz tv1
           2.0486111111111107e+01  -2.2592592592592595e+00  -1.2582527612418436e-15 80 -1 #xyz tv2 fid bid
           2.8125000000000000e+01  -1.0000000000000000e+01   0.0000000000000000e+00 #xyz tv0
           1.8750000000000000e+01  -1.0000000000000000e+01   0.0000000000000000e+00 #xyz tv1
           2.0486111111111107e+01  -2.2592592592592595e+00  -1.2582527612418436e-15 84 -1 #xyz tv2 fid bid
           9.6071959304983992e+00  -1.3084771130128590e+00  -4.3490532803214738e-16 #xyz tv0
           2.0486111111111107e+01  -2.2592592592592595e+00  -1.2582527612418436e-15 #xyz tv1
           1.8750000000000000e+01  -1.0000000000000000e+01   0.0000000000000000e+00 8 -1 #xyz tv2 fid bid
           9.6071959304983992e+00  -1.3084771130128590e+00  -4.3490532803214738e-16 #xyz tv0
           2.0486111111111107e+01  -2.2592592592592595e+00  -1.2582527612418436e-15 #xyz tv1
           1.8750000000000000e+01  -1.0000000000000000e+01   0.0000000000000000e+00 80 -1 #xyz tv2 fid bid
           9.6071959304983992e+00  -1.3084771130128590e+00  -4.3490532803214738e-16 #xyz tv0
           2.0486111111111107e+01  -2.2592592592592595e+00  -1.2582527612418436e-15 #xyz tv1
           1.8750000000000000e+01  -1.0000000000000000e+01   0.0000000000000000e+00 84 -1 #xyz tv2 fid bid
           1.8750000000000000e+01  -1.0000000000000000e+01   0.0000000000000000e+00 #xyz ev0
           2.0486111111111107e+01  -2.2592592592592595e+00  -1.2582527612418436e-15 -1 6 #xyz ev1 fid bid
   0   0.000000000000e+00   0.000000000000e+00   0.000000000000e+00 #flag location
END_ERR 
G3dErrFileVersion 2018P3.1
FlagFileMetaData Begin
   Mesh Size - Setup1, Refinement, Pass #4, Freq. 2.000000e+09 :Title    
   Listing of mesh elements with small segments. :ToolTip  
   hf3d :Author   
   1701710877 :TimeStamp
FlagFileMetaData End
BEGIN_ERR 
26 Small mesh segment detected on body : Box1
 Small mesh segment detected on body : Box1 
 Segment Statistics - Number of Segments : 1 --- Segment length(s) : 13.320157mm. The cutoff frequency for S-Matrix Only Solve is 3.99723277333333MHz 
4 -1  8  80  84  # nfids, fids[]
2 6  -1  # nbids, bids[]
      6 6 1 0 #ntets ntri ned npts
           1.8750000000000000e+01  -1.0000000000000000e+01   0.0000000000000000e+00 #xyz tv0
           1.0112320086899327e+01  -1.3300770770304542e+00  -3.9801633487041764e-16 #xyz tv1
           9.3750000000000000e+00  -1.0000000000000000e+01   1.6000000000000001e+00 #xyz tv2
           0.0000000000000000e+00  -1.0000000000000000e+01   0.0000000000000000e+00 -1 6 #xyz tv3 fid bid
           9.3750000000000000e+00  -1.0000000000000000e+01   1.6000000000000001e+00 #xyz tv0
           0.0000000000000000e+00  -1.0000000000000000e+01   0.0000000000000000e+00 #xyz tv1
           1.0112320086899327e+01  -1.3300770770304542e+00  -3.9801633487041764e-16 #xyz tv2
          -5.5620253086090088e+00  -1.0000000000000000e+01   1.6000000000000001e+00 -1 6 #xyz tv3 fid bid
           1.0112320086899327e+01  -1.3300770770304542e+00  -3.9801633487041764e-16 #xyz tv0
           1.3789069488669583e+01  -4.9255618505691707e+00  -8.3404541015625022e-01 #xyz tv1
           0.0000000000000000e+00  -1.0000000000000000e+01   0.0000000000000000e+00 #xyz tv2
           1.8750000000000000e+01  -1.0000000000000000e+01   0.0000000000000000e+00 -1 6 #xyz tv3 fid bid
          -5.5620253086090088e+00  -1.0000000000000000e+01   1.6000000000000001e+00 #xyz tv0
           1.0112320086899327e+01  -1.3300770770304542e+00  -3.9801633487041764e-16 #xyz tv1
          -2.9296875000000000e-01  -1.5000000000000000e+00   1.6000000000000001e+00 #xyz tv2
           0.0000000000000000e+00  -1.0000000000000000e+01   0.0000000000000000e+00 -1 6 #xyz tv3 fid bid
           1.0112320086899327e+01  -1.3300770770304542e+00  -3.9801633487041764e-16 #xyz tv0
           0.0000000000000000e+00  -1.0000000000000000e+01   0.0000000000000000e+00 #xyz tv1
           1.3789069488669583e+01  -4.9255618505691707e+00  -8.3404541015625022e-01 #xyz tv2
           0.0000000000000000e+00  -1.3950807803688467e-01  -1.0096725188383814e-15 -1 6 #xyz tv3 fid bid
          -2.9296875000000000e-01  -1.5000000000000000e+00   1.6000000000000001e+00 #xyz tv0
           1.0112320086899327e+01  -1.3300770770304542e+00  -3.9801633487041764e-16 #xyz tv1
           0.0000000000000000e+00  -1.3950807803688467e-01  -1.0096725188383814e-15 #xyz tv2
           0.0000000000000000e+00  -1.0000000000000000e+01   0.0000000000000000e+00 -1 6 #xyz tv3 fid bid
           1.0112320086899327e+01  -1.3300770770304542e+00  -3.9801633487041764e-16 #xyz tv0
           1.8750000000000000e+01  -1.0000000000000000e+01   0.0000000000000000e+00 #xyz tv1
           0.0000000000000000e+00  -1.0000000000000000e+01   0.0000000000000000e+00 8 -1 #xyz tv2 fid bid
           1.0112320086899327e+01  -1.3300770770304542e+00  -3.9801633487041764e-16 #xyz tv0
           1.8750000000000000e+01  -1.0000000000000000e+01   0.0000000000000000e+00 #xyz tv1
           0.0000000000000000e+00  -1.0000000000000000e+01   0.0000000000000000e+00 80 -1 #xyz tv2 fid bid
           1.0112320086899327e+01  -1.3300770770304542e+00  -3.9801633487041764e-16 #xyz tv0
           1.8750000000000000e+01  -1.0000000000000000e+01   0.0000000000000000e+00 #xyz tv1
           0.0000000000000000e+00  -1.0000000000000000e+01   0.0000000000000000e+00 84 -1 #xyz tv2 fid bid
           1.0112320086899327e+01  -1.3300770770304542e+00  -3.9801633487041764e-16 #xyz tv0
           0.0000000000000000e+00  -1.0000000000000000e+01   0.0000000000000000e+00 #xyz tv1
           0.0000000000000000e+00  -1.3950807803688467e-01  -1.0096725188383814e-15 8 -1 #xyz tv2 fid bid
           1.0112320086899327e+01  -1.3300770770304542e+00  -3.9801633487041764e-16 #xyz tv0
           0.0000000000000000e+00  -1.0000000000000000e+01   0.0000000000000000e+00 #xyz tv1
           0.0000000000000000e+00  -1.3950807803688467e-01  -1.0096725188383814e-15 80 -1 #xyz tv2 fid bid
           1.0112320086899327e+01  -1.3300770770304542e+00  -3.9801633487041764e-16 #xyz tv0
           0.0000000000000000e+00  -1.0000000000000000e+01   0.0000000000000000e+00 #xyz tv1
           0.0000000000000000e+00  -1.3950807803688467e-01  -1.0096725188383814e-15 84 -1 #xyz tv2 fid bid
           0.0000000000000000e+00  -1.0000000000000000e+01   0.0000000000000000e+00 #xyz ev0
           1.0112320086899327e+01  -1.3300770770304542e+00  -3.9801633487041764e-16 -1 6 #xyz ev1 fid bid
   0   0.000000000000e+00   0.000000000000e+00   0.000000000000e+00 #flag location
END_ERR 
G3dErrFileVersion 2018P3.1
FlagFileMetaData Begin
   Mesh Size - Setup1, Refinement, Pass #1, Freq. 2.000000e+09 :Title    
   Listing of mesh elements with small segments. :ToolTip  
   hf3d :Author   
   1701711047 :TimeStamp
FlagFileMetaData End
BEGIN_ERR 
26 Small mesh segment detected on body : Box1
 Small mesh segment detected on body : Box1 
 Segment Statistics - Number of Segments : 1 --- Segment length(s) : 19.171920mm. The cutoff frequency for S-Matrix Only Solve is 3.99723277333333MHz 
4 -1  8  80  84  # nfids, fids[]
2 6  -1  # nbids, bids[]
      4 6 1 0 #ntets ntri ned npts
           1.8750000000000000e+01   1.0000000000000000e+01   0.0000000000000000e+00 #xyz tv0
           3.7500000000000000e+01   4.5000000000000009e+00  -3.3306690738754686e-16 #xyz tv1
           2.9296875000000000e+01   1.5000000000000000e+00   1.6000000000000001e+00 #xyz tv2
           3.7500000000000000e+01   6.0000000000000000e+00  -5.9081467666885550e-32 -1 6 #xyz tv3 fid bid
           3.7500000000000000e+01   6.0000000000000000e+00  -2.5000000000000000e+00 #xyz tv0
           3.7500000000000000e+01   4.5000000000000009e+00  -3.3306690738754686e-16 #xyz tv1
           1.8750000000000000e+01   1.0000000000000000e+01   0.0000000000000000e+00 #xyz tv2
           3.7500000000000000e+01   6.0000000000000000e+00  -5.9081467666885550e-32 -1 6 #xyz tv3 fid bid
           2.9296875000000000e+01   1.5000000000000000e+00   1.6000000000000001e+00 #xyz tv0
           3.7500000000000000e+01   1.0000000000000000e+01   0.0000000000000000e+00 #xyz tv1
           1.8750000000000000e+01   1.0000000000000000e+01   0.0000000000000000e+00 #xyz tv2
           3.7500000000000000e+01   6.0000000000000000e+00  -5.9081467666885550e-32 -1 6 #xyz tv3 fid bid
           1.8750000000000000e+01   1.0000000000000000e+01   0.0000000000000000e+00 #xyz tv0
           3.7500000000000000e+01   6.0000000000000000e+00  -2.5000000000000000e+00 #xyz tv1
           3.7500000000000000e+01   6.0000000000000000e+00  -5.9081467666885550e-32 #xyz tv2
           3.7500000000000000e+01   1.0000000000000000e+01   0.0000000000000000e+00 -1 6 #xyz tv3 fid bid
           1.8750000000000000e+01   1.0000000000000000e+01   0.0000000000000000e+00 #xyz tv0
           3.7500000000000000e+01   1.0000000000000000e+01   0.0000000000000000e+00 #xyz tv1
           3.7500000000000000e+01   6.0000000000000000e+00  -5.9081467666885550e-32 8 -1 #xyz tv2 fid bid
           1.8750000000000000e+01   1.0000000000000000e+01   0.0000000000000000e+00 #xyz tv0
           3.7500000000000000e+01   1.0000000000000000e+01   0.0000000000000000e+00 #xyz tv1
           3.7500000000000000e+01   6.0000000000000000e+00  -5.9081467666885550e-32 80 -1 #xyz tv2 fid bid
           1.8750000000000000e+01   1.0000000000000000e+01   0.0000000000000000e+00 #xyz tv0
           3.7500000000000000e+01   1.0000000000000000e+01   0.0000000000000000e+00 #xyz tv1
           3.7500000000000000e+01   6.0000000000000000e+00  -5.9081467666885550e-32 84 -1 #xyz tv2 fid bid
           3.7500000000000000e+01   4.5000000000000009e+00  -3.3306690738754686e-16 #xyz tv0
           1.8750000000000000e+01   1.0000000000000000e+01   0.0000000000000000e+00 #xyz tv1
           3.7500000000000000e+01   6.0000000000000000e+00  -5.9081467666885550e-32 8 -1 #xyz tv2 fid bid
           3.7500000000000000e+01   4.5000000000000009e+00  -3.3306690738754686e-16 #xyz tv0
           1.8750000000000000e+01   1.0000000000000000e+01   0.0000000000000000e+00 #xyz tv1
           3.7500000000000000e+01   6.0000000000000000e+00  -5.9081467666885550e-32 80 -1 #xyz tv2 fid bid
           3.7500000000000000e+01   4.5000000000000009e+00  -3.3306690738754686e-16 #xyz tv0
           1.8750000000000000e+01   1.0000000000000000e+01   0.0000000000000000e+00 #xyz tv1
           3.7500000000000000e+01   6.0000000000000000e+00  -5.9081467666885550e-32 84 -1 #xyz tv2 fid bid
           3.7500000000000000e+01   6.0000000000000000e+00  -5.9081467666885550e-32 #xyz ev0
           1.8750000000000000e+01   1.0000000000000000e+01   0.0000000000000000e+00 -1 6 #xyz ev1 fid bid
   0   0.000000000000e+00   0.000000000000e+00   0.000000000000e+00 #flag location
END_ERR 
G3dErrFileVersion 2018P3.1
FlagFileMetaData Begin
   Mesh Size - Setup1, Refinement, Pass #2, Freq. 2.000000e+09 :Title    
   Listing of mesh elements with small segments. :ToolTip  
   hf3d :Author   
   1701711050 :TimeStamp
FlagFileMetaData End
BEGIN_ERR 
26 Small mesh segment detected on body : Box1
 Small mesh segment detected on body : Box1 
 Segment Statistics - Number of Segments : 1 --- Segment length(s) : 7.933042mm. The cutoff frequency for S-Matrix Only Solve is 3.99723277333333MHz 
4 -1  8  80  84  # nfids, fids[]
2 6  -1  # nbids, bids[]
      5 6 1 0 #ntets ntri ned npts
           2.0486111111111107e+01  -2.2592592592592595e+00  -1.2582527612418436e-15 #xyz tv0
           9.5357510288065850e+00  -2.4443303090089024e+00  -5.0605255472228462e-16 #xyz tv1
           1.8750000000000000e+01  -1.0000000000000000e+01   1.6000000000000001e+00 #xyz tv2
           1.8750000000000000e+01  -1.0000000000000000e+01   0.0000000000000000e+00 -1 6 #xyz tv3 fid bid
           2.3437500000000000e+01  -5.7500000000000000e+00   1.6000000000000001e+00 #xyz tv0
           2.0486111111111107e+01  -2.2592592592592595e+00  -1.2582527612418436e-15 #xyz tv1
           1.8750000000000000e+01  -1.0000000000000000e+01   1.6000000000000001e+00 #xyz tv2
           1.8750000000000000e+01  -1.0000000000000000e+01   0.0000000000000000e+00 -1 6 #xyz tv3 fid bid
           9.5357510288065850e+00  -2.4443303090089024e+00  -5.0605255472228462e-16 #xyz tv0
           2.0486111111111107e+01  -2.2592592592592595e+00  -1.2582527612418436e-15 #xyz tv1
           1.4298013653120712e+01  -5.2793628880310788e+00  -8.4472656250000022e-01 #xyz tv2
           1.8750000000000000e+01  -1.0000000000000000e+01   0.0000000000000000e+00 -1 6 #xyz tv3 fid bid
           2.8125000000000000e+01  -1.0000000000000000e+01   0.0000000000000000e+00 #xyz tv0
           2.3437500000000000e+01  -5.7500000000000000e+00   1.6000000000000001e+00 #xyz tv1
           1.8750000000000000e+01  -1.0000000000000000e+01   0.0000000000000000e+00 #xyz tv2
           2.0486111111111107e+01  -2.2592592592592595e+00  -1.2582527612418436e-15 -1 6 #xyz tv3 fid bid
           1.4298013653120712e+01  -5.2793628880310788e+00  -8.4472656250000022e-01 #xyz tv0
           2.0486111111111107e+01  -2.2592592592592595e+00  -1.2582527612418436e-15 #xyz tv1
           2.8125000000000000e+01  -1.0000000000000000e+01   0.0000000000000000e+00 #xyz tv2
           1.8750000000000000e+01  -1.0000000000000000e+01   0.0000000000000000e+00 -1 6 #xyz tv3 fid bid
           2.8125000000000000e+01  -1.0000000000000000e+01   0.0000000000000000e+00 #xyz tv0
           1.8750000000000000e+01  -1.0000000000000000e+01   0.0000000000000000e+00 #xyz tv1
           2.0486111111111107e+01  -2.2592592592592595e+00  -1.2582527612418436e-15 8 -1 #xyz tv2 fid bid
           2.8125000000000000e+01  -1.0000000000000000e+01   0.0000000000000000e+00 #xyz tv0
           1.8750000000000000e+01  -1.0000000000000000e+01   0.0000000000000000e+00 #xyz tv1
           2.0486111111111107e+01  -2.2592592592592595e+00  -1.2582527612418436e-15 80 -1 #xyz tv2 fid bid
           2.8125000000000000e+01  -1.0000000000000000e+01   0.0000000000000000e+00 #xyz tv0
           1.8750000000000000e+01  -1.0000000000000000e+01   0.0000000000000000e+00 #xyz tv1
           2.0486111111111107e+01  -2.2592592592592595e+00  -1.2582527612418436e-15 84 -1 #xyz tv2 fid bid
           9.5357510288065850e+00  -2.4443303090089024e+00  -5.0605255472228462e-16 #xyz tv0
           2.0486111111111107e+01  -2.2592592592592595e+00  -1.2582527612418436e-15 #xyz tv1
           1.8750000000000000e+01  -1.0000000000000000e+01   0.0000000000000000e+00 8 -1 #xyz tv2 fid bid
           9.5357510288065850e+00  -2.4443303090089024e+00  -5.0605255472228462e-16 #xyz tv0
           2.0486111111111107e+01  -2.2592592592592595e+00  -1.2582527612418436e-15 #xyz tv1
           1.8750000000000000e+01  -1.0000000000000000e+01   0.0000000000000000e+00 80 -1 #xyz tv2 fid bid
           9.5357510288065850e+00  -2.4443303090089024e+00  -5.0605255472228462e-16 #xyz tv0
           2.0486111111111107e+01  -2.2592592592592595e+00  -1.2582527612418436e-15 #xyz tv1
           1.8750000000000000e+01  -1.0000000000000000e+01   0.0000000000000000e+00 84 -1 #xyz tv2 fid bid
           1.8750000000000000e+01  -1.0000000000000000e+01   0.0000000000000000e+00 #xyz ev0
           2.0486111111111107e+01  -2.2592592592592595e+00  -1.2582527612418436e-15 -1 6 #xyz ev1 fid bid
   0   0.000000000000e+00   0.000000000000e+00   0.000000000000e+00 #flag location
END_ERR 
G3dErrFileVersion 2018P3.1
FlagFileMetaData Begin
   Mesh Size - Setup1, Refinement, Pass #3, Freq. 2.000000e+09 :Title    
   Listing of mesh elements with small segments. :ToolTip  
   hf3d :Author   
   1701711052 :TimeStamp
FlagFileMetaData End
BEGIN_ERR 
26 Small mesh segment detected on body : Box1
 Small mesh segment detected on body : Box1 
 Segment Statistics - Number of Segments : 1 --- Segment length(s) : 7.933042mm. The cutoff frequency for S-Matrix Only Solve is 3.99723277333333MHz 
4 -1  8  80  84  # nfids, fids[]
2 6  -1  # nbids, bids[]
      6 6 1 0 #ntets ntri ned npts
           2.0486111111111107e+01  -2.2592592592592595e+00  -1.2582527612418436e-15 #xyz tv0
           1.8750000000000000e+01  -1.0000000000000000e+01   0.0000000000000000e+00 #xyz tv1
           1.4062500000000000e+01  -5.7500000000000000e+00   1.6000000000000001e+00 #xyz tv2
           1.8750000000000000e+01  -1.0000000000000000e+01   1.6000000000000001e+00 -1 6 #xyz tv3 fid bid
           2.0486111111111107e+01  -2.2592592592592595e+00  -1.2582527612418436e-15 #xyz tv0
           1.4062500000000000e+01  -5.7500000000000000e+00   1.6000000000000001e+00 #xyz tv1
           1.8750000000000000e+01  -1.0000000000000000e+01   0.0000000000000000e+00 #xyz tv2
           9.6071959304983992e+00  -1.3084771130128590e+00  -4.3490532803214738e-16 -1 6 #xyz tv3 fid bid
           2.3437500000000000e+01  -5.4666666666666668e+00   1.6000000000000001e+00 #xyz tv0
           2.0486111111111107e+01  -2.2592592592592595e+00  -1.2582527612418436e-15 #xyz tv1
           1.8750000000000000e+01  -1.0000000000000000e+01   1.6000000000000001e+00 #xyz tv2
           1.8750000000000000e+01  -1.0000000000000000e+01   0.0000000000000000e+00 -1 6 #xyz tv3 fid bid
           2.8125000000000000e+01  -1.0000000000000000e+01   0.0000000000000000e+00 #xyz tv0
           2.3437500000000000e+01  -5.4666666666666668e+00   1.6000000000000001e+00 #xyz tv1
           1.8750000000000000e+01  -1.0000000000000000e+01   0.0000000000000000e+00 #xyz tv2
           2.0486111111111107e+01  -2.2592592592592595e+00  -1.2582527612418436e-15 -1 6 #xyz tv3 fid bid
           9.6071959304983992e+00  -1.3084771130128590e+00  -4.3490532803214738e-16 #xyz tv0
           2.0486111111111107e+01  -2.2592592592592595e+00  -1.2582527612418436e-15 #xyz tv1
           1.3789069488669583e+01  -4.9255618505691707e+00  -8.3404541015625022e-01 #xyz tv2
           1.8750000000000000e+01  -1.0000000000000000e+01   0.0000000000000000e+00 -1 6 #xyz tv3 fid bid
           1.3789069488669583e+01  -4.9255618505691707e+00  -8.3404541015625022e-01 #xyz tv0
           2.0486111111111107e+01  -2.2592592592592595e+00  -1.2582527612418436e-15 #xyz tv1
           2.8125000000000000e+01  -1.0000000000000000e+01   0.0000000000000000e+00 #xyz tv2
           1.8750000000000000e+01  -1.0000000000000000e+01   0.0000000000000000e+00 -1 6 #xyz tv3 fid bid
           2.8125000000000000e+01  -1.0000000000000000e+01   0.0000000000000000e+00 #xyz tv0
           1.8750000000000000e+01  -1.0000000000000000e+01   0.0000000000000000e+00 #xyz tv1
           2.0486111111111107e+01  -2.2592592592592595e+00  -1.2582527612418436e-15 8 -1 #xyz tv2 fid bid
           2.8125000000000000e+01  -1.0000000000000000e+01   0.0000000000000000e+00 #xyz tv0
           1.8750000000000000e+01  -1.0000000000000000e+01   0.0000000000000000e+00 #xyz tv1
           2.0486111111111107e+01  -2.2592592592592595e+00  -1.2582527612418436e-15 80 -1 #xyz tv2 fid bid
           2.8125000000000000e+01  -1.0000000000000000e+01   0.0000000000000000e+00 #xyz tv0
           1.8750000000000000e+01  -1.0000000000000000e+01   0.0000000000000000e+00 #xyz tv1
           2.0486111111111107e+01  -2.2592592592592595e+00  -1.2582527612418436e-15 84 -1 #xyz tv2 fid bid
           9.6071959304983992e+00  -1.3084771130128590e+00  -4.3490532803214738e-16 #xyz tv0
           2.0486111111111107e+01  -2.2592592592592595e+00  -1.2582527612418436e-15 #xyz tv1
           1.8750000000000000e+01  -1.0000000000000000e+01   0.0000000000000000e+00 8 -1 #xyz tv2 fid bid
           9.6071959304983992e+00  -1.3084771130128590e+00  -4.3490532803214738e-16 #xyz tv0
           2.0486111111111107e+01  -2.2592592592592595e+00  -1.2582527612418436e-15 #xyz tv1
           1.8750000000000000e+01  -1.0000000000000000e+01   0.0000000000000000e+00 80 -1 #xyz tv2 fid bid
           9.6071959304983992e+00  -1.3084771130128590e+00  -4.3490532803214738e-16 #xyz tv0
           2.0486111111111107e+01  -2.2592592592592595e+00  -1.2582527612418436e-15 #xyz tv1
           1.8750000000000000e+01  -1.0000000000000000e+01   0.0000000000000000e+00 84 -1 #xyz tv2 fid bid
           1.8750000000000000e+01  -1.0000000000000000e+01   0.0000000000000000e+00 #xyz ev0
           2.0486111111111107e+01  -2.2592592592592595e+00  -1.2582527612418436e-15 -1 6 #xyz ev1 fid bid
   0   0.000000000000e+00   0.000000000000e+00   0.000000000000e+00 #flag location
END_ERR 
G3dErrFileVersion 2018P3.1
FlagFileMetaData Begin
   Mesh Size - Setup1, Refinement, Pass #4, Freq. 2.000000e+09 :Title    
   Listing of mesh elements with small segments. :ToolTip  
   hf3d :Author   
   1701711055 :TimeStamp
FlagFileMetaData End
BEGIN_ERR 
26 Small mesh segment detected on body : Box1
 Small mesh segment detected on body : Box1 
 Segment Statistics - Number of Segments : 1 --- Segment length(s) : 13.320157mm. The cutoff frequency for S-Matrix Only Solve is 3.99723277333333MHz 
4 -1  8  80  84  # nfids, fids[]
2 6  -1  # nbids, bids[]
      6 6 1 0 #ntets ntri ned npts
           1.8750000000000000e+01  -1.0000000000000000e+01   0.0000000000000000e+00 #xyz tv0
           1.0112320086899327e+01  -1.3300770770304542e+00  -3.9801633487041764e-16 #xyz tv1
           9.3750000000000000e+00  -1.0000000000000000e+01   1.6000000000000001e+00 #xyz tv2
           0.0000000000000000e+00  -1.0000000000000000e+01   0.0000000000000000e+00 -1 6 #xyz tv3 fid bid
           9.3750000000000000e+00  -1.0000000000000000e+01   1.6000000000000001e+00 #xyz tv0
           0.0000000000000000e+00  -1.0000000000000000e+01   0.0000000000000000e+00 #xyz tv1
           1.0112320086899327e+01  -1.3300770770304542e+00  -3.9801633487041764e-16 #xyz tv2
          -5.5620253086090088e+00  -1.0000000000000000e+01   1.6000000000000001e+00 -1 6 #xyz tv3 fid bid
           1.0112320086899327e+01  -1.3300770770304542e+00  -3.9801633487041764e-16 #xyz tv0
           1.3789069488669583e+01  -4.9255618505691707e+00  -8.3404541015625022e-01 #xyz tv1
           0.0000000000000000e+00  -1.0000000000000000e+01   0.0000000000000000e+00 #xyz tv2
           1.8750000000000000e+01  -1.0000000000000000e+01   0.0000000000000000e+00 -1 6 #xyz tv3 fid bid
          -5.5620253086090088e+00  -1.0000000000000000e+01   1.6000000000000001e+00 #xyz tv0
           1.0112320086899327e+01  -1.3300770770304542e+00  -3.9801633487041764e-16 #xyz tv1
          -2.9296875000000000e-01  -1.5000000000000000e+00   1.6000000000000001e+00 #xyz tv2
           0.0000000000000000e+00  -1.0000000000000000e+01   0.0000000000000000e+00 -1 6 #xyz tv3 fid bid
           1.0112320086899327e+01  -1.3300770770304542e+00  -3.9801633487041764e-16 #xyz tv0
           0.0000000000000000e+00  -1.0000000000000000e+01   0.0000000000000000e+00 #xyz tv1
           1.3789069488669583e+01  -4.9255618505691707e+00  -8.3404541015625022e-01 #xyz tv2
           0.0000000000000000e+00  -1.3950807803688467e-01  -1.0096725188383814e-15 -1 6 #xyz tv3 fid bid
          -2.9296875000000000e-01  -1.5000000000000000e+00   1.6000000000000001e+00 #xyz tv0
           1.0112320086899327e+01  -1.3300770770304542e+00  -3.9801633487041764e-16 #xyz tv1
           0.0000000000000000e+00  -1.3950807803688467e-01  -1.0096725188383814e-15 #xyz tv2
           0.0000000000000000e+00  -1.0000000000000000e+01   0.0000000000000000e+00 -1 6 #xyz tv3 fid bid
           1.0112320086899327e+01  -1.3300770770304542e+00  -3.9801633487041764e-16 #xyz tv0
           1.8750000000000000e+01  -1.0000000000000000e+01   0.0000000000000000e+00 #xyz tv1
           0.0000000000000000e+00  -1.0000000000000000e+01   0.0000000000000000e+00 8 -1 #xyz tv2 fid bid
           1.0112320086899327e+01  -1.3300770770304542e+00  -3.9801633487041764e-16 #xyz tv0
           1.8750000000000000e+01  -1.0000000000000000e+01   0.0000000000000000e+00 #xyz tv1
           0.0000000000000000e+00  -1.0000000000000000e+01   0.0000000000000000e+00 80 -1 #xyz tv2 fid bid
           1.0112320086899327e+01  -1.3300770770304542e+00  -3.9801633487041764e-16 #xyz tv0
           1.8750000000000000e+01  -1.0000000000000000e+01   0.0000000000000000e+00 #xyz tv1
           0.0000000000000000e+00  -1.0000000000000000e+01   0.0000000000000000e+00 84 -1 #xyz tv2 fid bid
           1.0112320086899327e+01  -1.3300770770304542e+00  -3.9801633487041764e-16 #xyz tv0
           0.0000000000000000e+00  -1.0000000000000000e+01   0.0000000000000000e+00 #xyz tv1
           0.0000000000000000e+00  -1.3950807803688467e-01  -1.0096725188383814e-15 8 -1 #xyz tv2 fid bid
           1.0112320086899327e+01  -1.3300770770304542e+00  -3.9801633487041764e-16 #xyz tv0
           0.0000000000000000e+00  -1.0000000000000000e+01   0.0000000000000000e+00 #xyz tv1
           0.0000000000000000e+00  -1.3950807803688467e-01  -1.0096725188383814e-15 80 -1 #xyz tv2 fid bid
           1.0112320086899327e+01  -1.3300770770304542e+00  -3.9801633487041764e-16 #xyz tv0
           0.0000000000000000e+00  -1.0000000000000000e+01   0.0000000000000000e+00 #xyz tv1
           0.0000000000000000e+00  -1.3950807803688467e-01  -1.0096725188383814e-15 84 -1 #xyz tv2 fid bid
           0.0000000000000000e+00  -1.0000000000000000e+01   0.0000000000000000e+00 #xyz ev0
           1.0112320086899327e+01  -1.3300770770304542e+00  -3.9801633487041764e-16 -1 6 #xyz ev1 fid bid
   0   0.000000000000e+00   0.000000000000e+00   0.000000000000e+00 #flag location
END_ERR 
G3dErrFileVersion 2018P3.1
FlagFileMetaData Begin
   Mesh Size - Setup1, Refinement, Pass #4, Freq. 2.000000e+09 :Title    
   Listing of mesh elements with small segments. :ToolTip  
   hf3d :Author   
   1701711100 :TimeStamp
FlagFileMetaData End
BEGIN_ERR 
26 Small mesh segment detected on body : Box1
 Small mesh segment detected on body : Box1 
 Segment Statistics - Number of Segments : 1 --- Segment length(s) : 13.320157mm. The cutoff frequency for S-Matrix Only Solve is 3.99723277333333MHz 
4 -1  8  80  84  # nfids, fids[]
2 6  -1  # nbids, bids[]
      6 6 1 0 #ntets ntri ned npts
           1.8750000000000000e+01  -1.0000000000000000e+01   0.0000000000000000e+00 #xyz tv0
           1.0112320086899327e+01  -1.3300770770304542e+00  -3.9801633487041764e-16 #xyz tv1
           9.3750000000000000e+00  -1.0000000000000000e+01   1.6000000000000001e+00 #xyz tv2
           0.0000000000000000e+00  -1.0000000000000000e+01   0.0000000000000000e+00 -1 6 #xyz tv3 fid bid
           9.3750000000000000e+00  -1.0000000000000000e+01   1.6000000000000001e+00 #xyz tv0
           0.0000000000000000e+00  -1.0000000000000000e+01   0.0000000000000000e+00 #xyz tv1
           1.0112320086899327e+01  -1.3300770770304542e+00  -3.9801633487041764e-16 #xyz tv2
          -5.5620253086090088e+00  -1.0000000000000000e+01   1.6000000000000001e+00 -1 6 #xyz tv3 fid bid
           1.0112320086899327e+01  -1.3300770770304542e+00  -3.9801633487041764e-16 #xyz tv0
           1.3789069488669583e+01  -4.9255618505691707e+00  -8.3404541015625022e-01 #xyz tv1
           0.0000000000000000e+00  -1.0000000000000000e+01   0.0000000000000000e+00 #xyz tv2
           1.8750000000000000e+01  -1.0000000000000000e+01   0.0000000000000000e+00 -1 6 #xyz tv3 fid bid
          -5.5620253086090088e+00  -1.0000000000000000e+01   1.6000000000000001e+00 #xyz tv0
           1.0112320086899327e+01  -1.3300770770304542e+00  -3.9801633487041764e-16 #xyz tv1
          -2.9296875000000000e-01  -1.5000000000000000e+00   1.6000000000000001e+00 #xyz tv2
           0.0000000000000000e+00  -1.0000000000000000e+01   0.0000000000000000e+00 -1 6 #xyz tv3 fid bid
           1.0112320086899327e+01  -1.3300770770304542e+00  -3.9801633487041764e-16 #xyz tv0
           0.0000000000000000e+00  -1.0000000000000000e+01   0.0000000000000000e+00 #xyz tv1
           1.3789069488669583e+01  -4.9255618505691707e+00  -8.3404541015625022e-01 #xyz tv2
           0.0000000000000000e+00  -1.3950807803688467e-01  -1.0096725188383814e-15 -1 6 #xyz tv3 fid bid
          -2.9296875000000000e-01  -1.5000000000000000e+00   1.6000000000000001e+00 #xyz tv0
