G3dErrFileVersion 2018P3.1
FlagFileMetaData Begin
   Mesh Size - Setup1, Refinement, Pass #1, Freq. 5.000000e+09 :Title    
   Listing of mesh elements with small segments. :ToolTip  
   hf3d :Author   
   1701695356 :TimeStamp
FlagFileMetaData End
BEGIN_ERR 
26 Small mesh segment detected on body : Radiation_box
 Small mesh segment detected on body : Radiation_box 
 Segment Statistics - Number of Segments : 1 --- Segment length(s) : 0.274146mm. The cutoff frequency for S-Matrix Only Solve is 2.93914174509804MHz 
3 -1  10  80  # nfids, fids[]
2 94  -1  # nbids, bids[]
      4 4 1 0 #ntets ntri ned npts
          -1.4000000000000002e+01   5.0000000000000000e+00   6.0000000000000000e+00 #xyz tv0
          -1.1252989918757816e-16   5.1875000000000009e+00   1.3999999999999999e+00 #xyz tv1
          -9.1848509936051854e-17   5.0000000000000009e+00   1.6000000000000001e+00 #xyz tv2
          -3.0814879110195774e-31   6.5000000000000027e+00   1.6000000000000001e+00 -1 94 #xyz tv3 fid bid
          -1.4000000000000002e+01   5.0000000000000000e+00   6.0000000000000000e+00 #xyz tv0
          -9.1848509936051854e-17   5.0000000000000009e+00   1.6000000000000001e+00 #xyz tv1
          -1.1252989918757816e-16   5.1875000000000009e+00   1.3999999999999999e+00 #xyz tv2
          -1.4811345952984080e-16   4.3437500000000009e+00   1.5000000000000000e+00 -1 94 #xyz tv3 fid bid
          -1.1252989918757816e-16   5.1875000000000009e+00   1.3999999999999999e+00 #xyz tv0
           2.1690845489501962e+00   3.5000000000000004e+00   1.6000000000000001e+00 #xyz tv1
          -9.1848509936051854e-17   5.0000000000000009e+00   1.6000000000000001e+00 #xyz tv2
          -3.0814879110195774e-31   6.5000000000000027e+00   1.6000000000000001e+00 -1 94 #xyz tv3 fid bid
          -1.1252989918757816e-16   5.1875000000000009e+00   1.3999999999999999e+00 #xyz tv0
          -9.1848509936051854e-17   5.0000000000000009e+00   1.6000000000000001e+00 #xyz tv1
           2.1690845489501962e+00   3.5000000000000004e+00   1.6000000000000001e+00 #xyz tv2
          -1.4811345952984080e-16   4.3437500000000009e+00   1.5000000000000000e+00 -1 94 #xyz tv3 fid bid
          -9.1848509936051854e-17   5.0000000000000009e+00   1.6000000000000001e+00 #xyz tv0
          -1.1252989918757816e-16   5.1875000000000009e+00   1.3999999999999999e+00 #xyz tv1
          -1.4811345952984080e-16   4.3437500000000009e+00   1.5000000000000000e+00 10 -1 #xyz tv2 fid bid
          -9.1848509936051854e-17   5.0000000000000009e+00   1.6000000000000001e+00 #xyz tv0
          -1.1252989918757816e-16   5.1875000000000009e+00   1.3999999999999999e+00 #xyz tv1
          -1.4811345952984080e-16   4.3437500000000009e+00   1.5000000000000000e+00 80 -1 #xyz tv2 fid bid
          -1.1252989918757816e-16   5.1875000000000009e+00   1.3999999999999999e+00 #xyz tv0
          -9.1848509936051854e-17   5.0000000000000009e+00   1.6000000000000001e+00 #xyz tv1
          -3.0814879110195774e-31   6.5000000000000027e+00   1.6000000000000001e+00 10 -1 #xyz tv2 fid bid
          -1.1252989918757816e-16   5.1875000000000009e+00   1.3999999999999999e+00 #xyz tv0
          -9.1848509936051854e-17   5.0000000000000009e+00   1.6000000000000001e+00 #xyz tv1
          -3.0814879110195774e-31   6.5000000000000027e+00   1.6000000000000001e+00 80 -1 #xyz tv2 fid bid
          -9.1848509936051854e-17   5.0000000000000009e+00   1.6000000000000001e+00 #xyz ev0
          -1.1252989918757816e-16   5.1875000000000009e+00   1.3999999999999999e+00 -1 94 #xyz ev1 fid bid
   0   0.000000000000e+00   0.000000000000e+00   0.000000000000e+00 #flag location
END_ERR 
G3dErrFileVersion 2018P3.1
FlagFileMetaData Begin
   Mesh Size - Setup1, Refinement, Pass #2, Freq. 5.000000e+09 :Title    
   Listing of mesh elements with small segments. :ToolTip  
   hf3d :Author   
   1701695358 :TimeStamp
FlagFileMetaData End
BEGIN_ERR 
26 Small mesh segment detected on body : Radiation_box
 Small mesh segment detected on body : Radiation_box 
 Segment Statistics - Number of Segments : 1 --- Segment length(s) : 0.392853mm. The cutoff frequency for S-Matrix Only Solve is 2.93914174509804MHz 
3 -1  10  80  # nfids, fids[]
2 94  -1  # nbids, bids[]
      4 4 1 0 #ntets ntri ned npts
          -1.4000000000000002e+01   5.0000000000000000e+00   6.0000000000000000e+00 #xyz tv0
          -9.1848509936051854e-17   5.0000000000000009e+00   1.6000000000000001e+00 #xyz tv1
          -1.3067790711378358e-16   5.2202336516203713e+00   1.2746838991769547e+00 #xyz tv2
          -1.6884102537899862e-16   4.4143361585326657e+00   1.3442300311499775e+00 -1 94 #xyz tv3 fid bid
          -1.4000000000000002e+01   5.0000000000000000e+00   6.0000000000000000e+00 #xyz tv0
          -1.3067790711378358e-16   5.2202336516203713e+00   1.2746838991769547e+00 #xyz tv1
          -9.1848509936051854e-17   5.0000000000000009e+00   1.6000000000000001e+00 #xyz tv2
          -3.0814879110195774e-31   6.5000000000000036e+00   1.6000000000000001e+00 -1 94 #xyz tv3 fid bid
          -1.3067790711378358e-16   5.2202336516203713e+00   1.2746838991769547e+00 #xyz tv0
          -9.1848509936051854e-17   5.0000000000000009e+00   1.6000000000000001e+00 #xyz tv1
           2.3046523332595834e+00   3.5000000000000004e+00   1.6000000000000001e+00 #xyz tv2
          -1.6884102537899862e-16   4.4143361585326657e+00   1.3442300311499775e+00 -1 94 #xyz tv3 fid bid
          -1.3067790711378358e-16   5.2202336516203713e+00   1.2746838991769547e+00 #xyz tv0
           2.3046523332595834e+00   3.5000000000000004e+00   1.6000000000000001e+00 #xyz tv1
          -9.1848509936051854e-17   5.0000000000000009e+00   1.6000000000000001e+00 #xyz tv2
          -3.0814879110195774e-31   6.5000000000000036e+00   1.6000000000000001e+00 -1 94 #xyz tv3 fid bid
          -9.1848509936051854e-17   5.0000000000000009e+00   1.6000000000000001e+00 #xyz tv0
          -1.3067790711378358e-16   5.2202336516203713e+00   1.2746838991769547e+00 #xyz tv1
          -1.6884102537899862e-16   4.4143361585326657e+00   1.3442300311499775e+00 10 -1 #xyz tv2 fid bid
          -9.1848509936051854e-17   5.0000000000000009e+00   1.6000000000000001e+00 #xyz tv0
          -1.3067790711378358e-16   5.2202336516203713e+00   1.2746838991769547e+00 #xyz tv1
          -1.6884102537899862e-16   4.4143361585326657e+00   1.3442300311499775e+00 80 -1 #xyz tv2 fid bid
          -1.3067790711378358e-16   5.2202336516203713e+00   1.2746838991769547e+00 #xyz tv0
          -9.1848509936051854e-17   5.0000000000000009e+00   1.6000000000000001e+00 #xyz tv1
          -3.0814879110195774e-31   6.5000000000000036e+00   1.6000000000000001e+00 10 -1 #xyz tv2 fid bid
          -1.3067790711378358e-16   5.2202336516203713e+00   1.2746838991769547e+00 #xyz tv0
          -9.1848509936051854e-17   5.0000000000000009e+00   1.6000000000000001e+00 #xyz tv1
          -3.0814879110195774e-31   6.5000000000000036e+00   1.6000000000000001e+00 80 -1 #xyz tv2 fid bid
          -9.1848509936051854e-17   5.0000000000000009e+00   1.6000000000000001e+00 #xyz ev0
          -1.3067790711378358e-16   5.2202336516203713e+00   1.2746838991769547e+00 -1 94 #xyz ev1 fid bid
   0   0.000000000000e+00   0.000000000000e+00   0.000000000000e+00 #flag location
END_ERR 
G3dErrFileVersion 2018P3.1
FlagFileMetaData Begin
   Mesh Size - Setup1, Refinement, Pass #3, Freq. 5.000000e+09 :Title    
   Listing of mesh elements with small segments. :ToolTip  
   hf3d :Author   
   1701695361 :TimeStamp
FlagFileMetaData End
BEGIN_ERR 
26 Small mesh segment detected on body : Radiation_box
 Small mesh segment detected on body : Radiation_box 
 Segment Statistics - Number of Segments : 1 --- Segment length(s) : 0.400000mm. The cutoff frequency for S-Matrix Only Solve is 2.93914174509804MHz 
3 -1  12  92  # nfids, fids[]
2 94  -1  # nbids, bids[]
      5 3 1 0 #ntets ntri ned npts
           8.8000000000000000e+01   1.6000000000000000e+01  -6.6883767817483908e-01 #xyz tv0
           7.5000000000000000e+01   6.5000000000000044e+00   4.0000000000000052e-01 #xyz tv1
           7.5000000000000000e+01   5.8437500000000018e+00   5.4210108624275212e-16 #xyz tv2
           7.5000000000000000e+01   6.5000000000000044e+00   6.9388939039072274e-16 -1 94 #xyz tv3 fid bid
           7.5000000000000000e+01   6.5000000000000044e+00   4.0000000000000052e-01 #xyz tv0
           7.0342261904761898e+01   6.1722222222222261e+00   3.3042351923367766e-17 #xyz tv1
           7.5000000000000000e+01   5.8437500000000018e+00   5.4210108624275212e-16 #xyz tv2
           7.5000000000000000e+01   6.5000000000000044e+00   6.9388939039072274e-16 -1 94 #xyz tv3 fid bid
           7.5000000000000000e+01   1.0000000000000000e+01   0.0000000000000000e+00 #xyz tv0
           7.5000000000000000e+01   6.5000000000000044e+00   4.0000000000000052e-01 #xyz tv1
           8.8000000000000000e+01   1.6000000000000000e+01  -6.6883767817483908e-01 #xyz tv2
           7.5000000000000000e+01   6.5000000000000044e+00   6.9388939039072274e-16 -1 94 #xyz tv3 fid bid
           7.5000000000000000e+01   6.5000000000000044e+00   6.9388939039072274e-16 #xyz tv0
           7.0342261904761898e+01   6.1722222222222261e+00   3.3042351923367766e-17 #xyz tv1
           7.3004579544067383e+01   8.2500000000000018e+00   8.0000000000000004e-01 #xyz tv2
           7.5000000000000000e+01   6.5000000000000044e+00   4.0000000000000052e-01 -1 94 #xyz tv3 fid bid
           7.5000000000000000e+01   1.0000000000000000e+01   0.0000000000000000e+00 #xyz tv0
           7.5000000000000000e+01   6.5000000000000044e+00   6.9388939039072274e-16 #xyz tv1
           7.3004579544067383e+01   8.2500000000000018e+00   8.0000000000000004e-01 #xyz tv2
           7.5000000000000000e+01   6.5000000000000044e+00   4.0000000000000052e-01 -1 94 #xyz tv3 fid bid
           7.5000000000000000e+01   6.5000000000000044e+00   4.0000000000000052e-01 #xyz tv0
           7.5000000000000000e+01   6.5000000000000044e+00   6.9388939039072274e-16 #xyz tv1
           7.5000000000000000e+01   1.0000000000000000e+01   0.0000000000000000e+00 12 -1 #xyz tv2 fid bid
           7.5000000000000000e+01   6.5000000000000044e+00   4.0000000000000052e-01 #xyz tv0
           7.5000000000000000e+01   5.8437500000000018e+00   5.4210108624275212e-16 #xyz tv1
           7.5000000000000000e+01   6.5000000000000044e+00   6.9388939039072274e-16 12 -1 #xyz tv2 fid bid
           7.5000000000000000e+01   6.5000000000000044e+00   4.0000000000000052e-01 #xyz tv0
           7.5000000000000000e+01   5.8437500000000018e+00   5.4210108624275212e-16 #xyz tv1
           7.5000000000000000e+01   6.5000000000000044e+00   6.9388939039072274e-16 92 -1 #xyz tv2 fid bid
           7.5000000000000000e+01   6.5000000000000044e+00   4.0000000000000052e-01 #xyz ev0
           7.5000000000000000e+01   6.5000000000000044e+00   6.9388939039072274e-16 -1 94 #xyz ev1 fid bid
   0   0.000000000000e+00   0.000000000000e+00   0.000000000000e+00 #flag location
END_ERR 
G3dErrFileVersion 2018P3.1
FlagFileMetaData Begin
   Mesh Size - Setup1, Refinement, Pass #4, Freq. 5.000000e+09 :Title    
   Listing of mesh elements with small segments. :ToolTip  
   hf3d :Author   
   1701695363 :TimeStamp
FlagFileMetaData End
BEGIN_ERR 
26 Small mesh segment detected on body : Radiation_box
 Small mesh segment detected on body : Radiation_box 
 Segment Statistics - Number of Segments : 1 --- Segment length(s) : 0.400000mm. The cutoff frequency for S-Matrix Only Solve is 2.93914174509804MHz 
3 -1  12  92  # nfids, fids[]
2 94  -1  # nbids, bids[]
      5 3 1 0 #ntets ntri ned npts
           8.8000000000000000e+01   1.6000000000000000e+01  -6.6787643413386544e-01 #xyz tv0
           7.5000000000000000e+01   6.5000000000000053e+00   4.0000000000000052e-01 #xyz tv1
           7.5000000000000000e+01   5.8437500000000018e+00   5.4210108624275212e-16 #xyz tv2
           7.5000000000000000e+01   6.5000000000000053e+00   6.9388939039072274e-16 -1 94 #xyz tv3 fid bid
           7.5000000000000000e+01   6.5000000000000053e+00   6.9388939039072274e-16 #xyz tv0
           7.5000000000000000e+01   5.8437500000000018e+00   5.4210108624275212e-16 #xyz tv1
           7.1009159088134766e+01   6.5000000000000053e+00   1.6000000000000001e+00 #xyz tv2
           7.5000000000000000e+01   6.5000000000000053e+00   4.0000000000000052e-01 -1 94 #xyz tv3 fid bid
           7.5000000000000000e+01   1.0000000000000000e+01   0.0000000000000000e+00 #xyz tv0
           7.5000000000000000e+01   6.5000000000000053e+00   4.0000000000000052e-01 #xyz tv1
           8.8000000000000000e+01   1.6000000000000000e+01  -6.6787643413386544e-01 #xyz tv2
           7.5000000000000000e+01   6.5000000000000053e+00   6.9388939039072274e-16 -1 94 #xyz tv3 fid bid
           7.5000000000000000e+01   6.5000000000000053e+00   6.9388939039072274e-16 #xyz tv0
           7.1009159088134766e+01   6.5000000000000053e+00   1.6000000000000001e+00 #xyz tv1
           7.3004579544067383e+01   8.2500000000000018e+00   8.0000000000000004e-01 #xyz tv2
           7.5000000000000000e+01   6.5000000000000053e+00   4.0000000000000052e-01 -1 94 #xyz tv3 fid bid
           7.5000000000000000e+01   1.0000000000000000e+01   0.0000000000000000e+00 #xyz tv0
           7.5000000000000000e+01   6.5000000000000053e+00   6.9388939039072274e-16 #xyz tv1
           7.3004579544067383e+01   8.2500000000000018e+00   8.0000000000000004e-01 #xyz tv2
           7.5000000000000000e+01   6.5000000000000053e+00   4.0000000000000052e-01 -1 94 #xyz tv3 fid bid
           7.5000000000000000e+01   6.5000000000000053e+00   4.0000000000000052e-01 #xyz tv0
           7.5000000000000000e+01   6.5000000000000053e+00   6.9388939039072274e-16 #xyz tv1
           7.5000000000000000e+01   1.0000000000000000e+01   0.0000000000000000e+00 12 -1 #xyz tv2 fid bid
           7.5000000000000000e+01   6.5000000000000053e+00   4.0000000000000052e-01 #xyz tv0
           7.5000000000000000e+01   5.8437500000000018e+00   5.4210108624275212e-16 #xyz tv1
           7.5000000000000000e+01   6.5000000000000053e+00   6.9388939039072274e-16 12 -1 #xyz tv2 fid bid
           7.5000000000000000e+01   6.5000000000000053e+00   4.0000000000000052e-01 #xyz tv0
           7.5000000000000000e+01   5.8437500000000018e+00   5.4210108624275212e-16 #xyz tv1
           7.5000000000000000e+01   6.5000000000000053e+00   6.9388939039072274e-16 92 -1 #xyz tv2 fid bid
           7.5000000000000000e+01   6.5000000000000053e+00   4.0000000000000052e-01 #xyz ev0
           7.5000000000000000e+01   6.5000000000000053e+00   6.9388939039072274e-16 -1 94 #xyz ev1 fid bid
   0   0.000000000000e+00   0.000000000000e+00   0.000000000000e+00 #flag location
END_ERR 
G3dErrFileVersion 2018P3.1
FlagFileMetaData Begin
   Mesh Size - Setup1, Refinement, Pass #5, Freq. 5.000000e+09 :Title    
   Listing of mesh elements with small segments. :ToolTip  
   hf3d :Author   
   1701695366 :TimeStamp
FlagFileMetaData End
BEGIN_ERR 
26 Small mesh segment detected on body : Substrate
 Small mesh segment detected on body : Substrate 
 Segment Statistics - Number of Segments : 1 --- Segment length(s) : 0.400000mm. The cutoff frequency for S-Matrix Only Solve is 2.93914174509804MHz 
3 -1  12  92  # nfids, fids[]
2 6  -1  # nbids, bids[]
      5 3 1 0 #ntets ntri ned npts
           7.5000000000000000e+01   1.0000000000000000e+01   0.0000000000000000e+00 #xyz tv0
           7.2875445230735309e+01   7.8794686748280931e+00   2.5664255659500624e-16 #xyz tv1
           7.5000000000000000e+01   6.5000000000000053e+00   4.0000000000000052e-01 #xyz tv2
           7.5000000000000000e+01   6.5000000000000053e+00   6.9388939039072274e-16 -1 6 #xyz tv3 fid bid
           7.5000000000000000e+01   1.0000000000000000e+01   0.0000000000000000e+00 #xyz tv0
           7.5000000000000000e+01   6.5000000000000053e+00   4.0000000000000052e-01 #xyz tv1
           8.8000000000000000e+01   1.6000000000000000e+01  -6.6763612312362197e-01 #xyz tv2
           7.5000000000000000e+01   6.5000000000000053e+00   6.9388939039072274e-16 -1 6 #xyz tv3 fid bid
           7.5000000000000000e+01   6.5000000000000053e+00   4.0000000000000052e-01 #xyz tv0
           7.2875445230735309e+01   7.8794686748280931e+00   2.5664255659500624e-16 #xyz tv1
           7.3004579544067383e+01   6.5000000000000053e+00   8.0000000000000038e-01 #xyz tv2
           7.5000000000000000e+01   6.5000000000000053e+00   6.9388939039072274e-16 -1 6 #xyz tv3 fid bid
           8.8000000000000000e+01   1.6000000000000000e+01  -6.6763612312362197e-01 #xyz tv0
           7.5000000000000000e+01   6.5000000000000053e+00   4.0000000000000052e-01 #xyz tv1
           7.5000000000000000e+01   5.8437500000000018e+00   5.4210108624275212e-16 #xyz tv2
           7.5000000000000000e+01   6.5000000000000053e+00   6.9388939039072274e-16 -1 6 #xyz tv3 fid bid
           7.3004579544067383e+01   6.5000000000000053e+00   8.0000000000000038e-01 #xyz tv0
           7.5000000000000000e+01   5.8437500000000018e+00   5.4210108624275212e-16 #xyz tv1
           7.5000000000000000e+01   6.5000000000000053e+00   4.0000000000000052e-01 #xyz tv2
           7.5000000000000000e+01   6.5000000000000053e+00   6.9388939039072274e-16 -1 6 #xyz tv3 fid bid
           7.5000000000000000e+01   6.5000000000000053e+00   4.0000000000000052e-01 #xyz tv0
           7.5000000000000000e+01   6.5000000000000053e+00   6.9388939039072274e-16 #xyz tv1
           7.5000000000000000e+01   1.0000000000000000e+01   0.0000000000000000e+00 12 -1 #xyz tv2 fid bid
           7.5000000000000000e+01   6.5000000000000053e+00   4.0000000000000052e-01 #xyz tv0
           7.5000000000000000e+01   5.8437500000000018e+00   5.4210108624275212e-16 #xyz tv1
           7.5000000000000000e+01   6.5000000000000053e+00   6.9388939039072274e-16 12 -1 #xyz tv2 fid bid
           7.5000000000000000e+01   6.5000000000000053e+00   4.0000000000000052e-01 #xyz tv0
           7.5000000000000000e+01   5.8437500000000018e+00   5.4210108624275212e-16 #xyz tv1
           7.5000000000000000e+01   6.5000000000000053e+00   6.9388939039072274e-16 92 -1 #xyz tv2 fid bid
           7.5000000000000000e+01   6.5000000000000053e+00   4.0000000000000052e-01 #xyz ev0
           7.5000000000000000e+01   6.5000000000000053e+00   6.9388939039072274e-16 -1 6 #xyz ev1 fid bid
   0   0.000000000000e+00   0.000000000000e+00   0.000000000000e+00 #flag location
END_ERR 
G3dErrFileVersion 2018P3.1
FlagFileMetaData Begin
   Mesh Size - Setup1, Refinement, Pass #6, Freq. 5.000000e+09 :Title    
   Listing of mesh elements with small segments. :ToolTip  
   hf3d :Author   
   1701695368 :TimeStamp
FlagFileMetaData End
BEGIN_ERR 
26 Small mesh segment detected on body : Radiation_box
 Small mesh segment detected on body : Radiation_box 
 Segment Statistics - Number of Segments : 1 --- Segment length(s) : 0.418866mm. The cutoff frequency for S-Matrix Only Solve is 2.93914174509804MHz 
3 -1  12  92  # nfids, fids[]
2 94  -1  # nbids, bids[]
      4 4 1 0 #ntets ntri ned npts
           7.5000000000000000e+01   4.7492944697187358e+00   2.8895739267054447e-16 #xyz tv0
           7.5000000000000000e+01   5.3272520869750242e+00   4.2263694557375802e-16 #xyz tv1
           8.1500000000000000e+01   1.0375461352918713e+01   1.7855847725158407e+00 #xyz tv2
           7.5000000000000000e+01   4.6250000000000000e+00   4.0000000000000002e-01 -1 94 #xyz tv3 fid bid
           7.5000000000000000e+01   4.1289848005044423e+00   1.4548195992901883e-16 #xyz tv0
           7.5000000000000000e+01   4.7492944697187358e+00   2.8895739267054447e-16 #xyz tv1
           8.1500000000000000e+01   1.0375461352918713e+01   1.7855847725158407e+00 #xyz tv2
           7.5000000000000000e+01   4.6250000000000000e+00   4.0000000000000002e-01 -1 94 #xyz tv3 fid bid
           7.5000000000000000e+01   5.3272520869750242e+00   4.2263694557375802e-16 #xyz tv0
           7.2452193684876022e+01   3.5000000000000004e+00   1.6000000000000001e+00 #xyz tv1
           7.5000000000000000e+01   4.6250000000000000e+00   4.0000000000000002e-01 #xyz tv2
           7.5000000000000000e+01   4.7492944697187358e+00   2.8895739267054447e-16 -1 94 #xyz tv3 fid bid
           7.5000000000000000e+01   4.1289848005044423e+00   1.4548195992901883e-16 #xyz tv0
           7.5000000000000000e+01   4.6250000000000000e+00   4.0000000000000002e-01 #xyz tv1
           7.2452193684876022e+01   3.5000000000000004e+00   1.6000000000000001e+00 #xyz tv2
           7.5000000000000000e+01   4.7492944697187358e+00   2.8895739267054447e-16 -1 94 #xyz tv3 fid bid
           7.5000000000000000e+01   4.1289848005044423e+00   1.4548195992901883e-16 #xyz tv0
           7.5000000000000000e+01   4.7492944697187358e+00   2.8895739267054447e-16 #xyz tv1
           7.5000000000000000e+01   4.6250000000000000e+00   4.0000000000000002e-01 12 -1 #xyz tv2 fid bid
           7.5000000000000000e+01   4.1289848005044423e+00   1.4548195992901883e-16 #xyz tv0
           7.5000000000000000e+01   4.7492944697187358e+00   2.8895739267054447e-16 #xyz tv1
           7.5000000000000000e+01   4.6250000000000000e+00   4.0000000000000002e-01 92 -1 #xyz tv2 fid bid
           7.5000000000000000e+01   5.3272520869750242e+00   4.2263694557375802e-16 #xyz tv0
           7.5000000000000000e+01   4.6250000000000000e+00   4.0000000000000002e-01 #xyz tv1
           7.5000000000000000e+01   4.7492944697187358e+00   2.8895739267054447e-16 12 -1 #xyz tv2 fid bid
           7.5000000000000000e+01   5.3272520869750242e+00   4.2263694557375802e-16 #xyz tv0
           7.5000000000000000e+01   4.6250000000000000e+00   4.0000000000000002e-01 #xyz tv1
           7.5000000000000000e+01   4.7492944697187358e+00   2.8895739267054447e-16 92 -1 #xyz tv2 fid bid
           7.5000000000000000e+01   4.7492944697187358e+00   2.8895739267054447e-16 #xyz ev0
           7.5000000000000000e+01   4.6250000000000000e+00   4.0000000000000002e-01 -1 94 #xyz ev1 fid bid
   0   0.000000000000e+00   0.000000000000e+00   0.000000000000e+00 #flag location
END_ERR 
G3dErrFileVersion 2018P3.1
FlagFileMetaData Begin
   Mesh Size - Setup1, Refinement, Pass #1, Freq. 5.000000e+09 :Title    
   Listing of mesh elements with small segments. :ToolTip  
   hf3d :Author   
   1701695564 :TimeStamp
FlagFileMetaData End
BEGIN_ERR 
26 Small mesh segment detected on body : Radiation_box
 Small mesh segment detected on body : Radiation_box 
 Segment Statistics - Number of Segments : 1 --- Segment length(s) : 0.375000mm. The cutoff frequency for S-Matrix Only Solve is 2.93914174509804MHz 
5 -1  7  56  10  80  # nfids, fids[]
2 94  -1  # nbids, bids[]
      4 4 1 0 #ntets ntri ned npts
          -1.2500000000000009e+00   5.0000000000000000e+00   6.0000000000000000e+00 #xyz tv0
           0.0000000000000000e+00   5.3750000000000018e+00   1.6000000000000001e+00 #xyz tv1
           1.1718750000000000e+00   6.5000000000000027e+00   1.6000000000000001e+00 #xyz tv2
           0.0000000000000000e+00   5.7500000000000018e+00   1.6000000000000001e+00 -1 94 #xyz tv3 fid bid
           0.0000000000000000e+00   5.3750000000000018e+00   1.6000000000000001e+00 #xyz tv0
          -1.1562246521727543e-16   6.1875000000000009e+00   1.0000000000000000e+00 #xyz tv1
           1.1718750000000000e+00   6.5000000000000027e+00   1.6000000000000001e+00 #xyz tv2
           0.0000000000000000e+00   5.7500000000000018e+00   1.6000000000000001e+00 -1 94 #xyz tv3 fid bid
           0.0000000000000000e+00   5.3750000000000018e+00   1.6000000000000001e+00 #xyz tv0
          -1.2500000000000009e+00   5.0000000000000000e+00   6.0000000000000000e+00 #xyz tv1
          -1.4000000000000002e+01   5.0000000000000000e+00   9.0026855468750000e-01 #xyz tv2
           0.0000000000000000e+00   5.7500000000000018e+00   1.6000000000000001e+00 -1 94 #xyz tv3 fid bid
          -1.4000000000000002e+01   5.0000000000000000e+00   9.0026855468750000e-01 #xyz tv0
          -1.1562246521727543e-16   6.1875000000000009e+00   1.0000000000000000e+00 #xyz tv1
           0.0000000000000000e+00   5.3750000000000018e+00   1.6000000000000001e+00 #xyz tv2
           0.0000000000000000e+00   5.7500000000000018e+00   1.6000000000000001e+00 -1 94 #xyz tv3 fid bid
           0.0000000000000000e+00   5.3750000000000018e+00   1.6000000000000001e+00 #xyz tv0
           1.1718750000000000e+00   6.5000000000000027e+00   1.6000000000000001e+00 #xyz tv1
           0.0000000000000000e+00   5.7500000000000018e+00   1.6000000000000001e+00 7 -1 #xyz tv2 fid bid
           0.0000000000000000e+00   5.3750000000000018e+00   1.6000000000000001e+00 #xyz tv0
           1.1718750000000000e+00   6.5000000000000027e+00   1.6000000000000001e+00 #xyz tv1
           0.0000000000000000e+00   5.7500000000000018e+00   1.6000000000000001e+00 56 -1 #xyz tv2 fid bid
          -1.1562246521727543e-16   6.1875000000000009e+00   1.0000000000000000e+00 #xyz tv0
           0.0000000000000000e+00   5.3750000000000018e+00   1.6000000000000001e+00 #xyz tv1
           0.0000000000000000e+00   5.7500000000000018e+00   1.6000000000000001e+00 10 -1 #xyz tv2 fid bid
          -1.1562246521727543e-16   6.1875000000000009e+00   1.0000000000000000e+00 #xyz tv0
           0.0000000000000000e+00   5.3750000000000018e+00   1.6000000000000001e+00 #xyz tv1
           0.0000000000000000e+00   5.7500000000000018e+00   1.6000000000000001e+00 80 -1 #xyz tv2 fid bid
           0.0000000000000000e+00   5.7500000000000018e+00   1.6000000000000001e+00 #xyz ev0
           0.0000000000000000e+00   5.3750000000000018e+00   1.6000000000000001e+00 -1 94 #xyz ev1 fid bid
   0   0.000000000000e+00   0.000000000000e+00   0.000000000000e+00 #flag location
END_ERR 
G3dErrFileVersion 2018P3.1
FlagFileMetaData Begin
   Mesh Size - Setup1, Refinement, Pass #2, Freq. 5.000000e+09 :Title    
   Listing of mesh elements with small segments. :ToolTip  
   hf3d :Author   
   1701695566 :TimeStamp
FlagFileMetaData End
BEGIN_ERR 
26 Small mesh segment detected on body : Radiation_box
 Small mesh segment detected on body : Radiation_box 
 Segment Statistics - Number of Segments : 1 --- Segment length(s) : 0.548293mm. The cutoff frequency for S-Matrix Only Solve is 2.93914174509804MHz 
3 -1  10  80  # nfids, fids[]
2 94  -1  # nbids, bids[]
      6 4 1 0 #ntets ntri ned npts
          -1.4000000000000002e+01   5.0000000000000000e+00   9.2832664207175930e-01 #xyz tv0
          -1.1585769884020081e-16   6.1653356481481492e+00   1.0007407407407407e+00 #xyz tv1
          -3.3384004889497105e-16   6.2500000000000000e+00  -2.6020852139652097e-16 #xyz tv2
          -2.3124493043455087e-16   5.8750000000000000e+00   3.9999999999999991e-01 -1 94 #xyz tv3 fid bid
          -2.3124493043455087e-16   5.8750000000000000e+00   3.9999999999999991e-01 #xyz tv0
          -3.3384004889497105e-16   6.2500000000000000e+00  -2.6020852139652097e-16 #xyz tv1
           1.1718750000000000e+00   6.5000000000000036e+00   1.6000000000000001e+00 #xyz tv2
          -1.1585769884020081e-16   6.1653356481481492e+00   1.0007407407407407e+00 -1 94 #xyz tv3 fid bid
          -1.4000000000000002e+01  -6.0000000000000000e+00  -6.3790283203124987e-01 #xyz tv0
          -1.4000000000000002e+01   5.0000000000000000e+00   9.2832664207175930e-01 #xyz tv1
          -3.3384004889497105e-16   6.2500000000000000e+00  -2.6020852139652097e-16 #xyz tv2
          -2.3124493043455087e-16   5.8750000000000000e+00   3.9999999999999991e-01 -1 94 #xyz tv3 fid bid
          -2.3124493043455087e-16   5.8750000000000000e+00   3.9999999999999991e-01 #xyz tv0
           1.1718750000000000e+00   6.5000000000000036e+00   1.6000000000000001e+00 #xyz tv1
          -3.3384004889497105e-16   6.2500000000000000e+00  -2.6020852139652097e-16 #xyz tv2
           2.7832031250000000e+00   6.5000000000000036e+00   1.6000000000000001e+00 -1 94 #xyz tv3 fid bid
          -3.3384004889497105e-16   6.2500000000000000e+00  -2.6020852139652097e-16 #xyz tv0
          -1.4000000000000002e+01  -6.0000000000000000e+00  -6.3790283203124987e-01 #xyz tv1
          -2.3124493043455087e-16   5.8750000000000000e+00   3.9999999999999991e-01 #xyz tv2
          -4.1038047384168071e-16   5.0000000000000000e+00  -5.2041704279304193e-16 -1 94 #xyz tv3 fid bid
           2.7832031250000000e+00   6.5000000000000036e+00   1.6000000000000001e+00 #xyz tv0
          -4.1038047384168071e-16   5.0000000000000000e+00  -5.2041704279304193e-16 #xyz tv1
          -3.3384004889497105e-16   6.2500000000000000e+00  -2.6020852139652097e-16 #xyz tv2
          -2.3124493043455087e-16   5.8750000000000000e+00   3.9999999999999991e-01 -1 94 #xyz tv3 fid bid
          -3.3384004889497105e-16   6.2500000000000000e+00  -2.6020852139652097e-16 #xyz tv0
          -4.1038047384168071e-16   5.0000000000000000e+00  -5.2041704279304193e-16 #xyz tv1
          -2.3124493043455087e-16   5.8750000000000000e+00   3.9999999999999991e-01 10 -1 #xyz tv2 fid bid
          -3.3384004889497105e-16   6.2500000000000000e+00  -2.6020852139652097e-16 #xyz tv0
          -4.1038047384168071e-16   5.0000000000000000e+00  -5.2041704279304193e-16 #xyz tv1
          -2.3124493043455087e-16   5.8750000000000000e+00   3.9999999999999991e-01 80 -1 #xyz tv2 fid bid
          -1.1585769884020081e-16   6.1653356481481492e+00   1.0007407407407407e+00 #xyz tv0
          -3.3384004889497105e-16   6.2500000000000000e+00  -2.6020852139652097e-16 #xyz tv1
          -2.3124493043455087e-16   5.8750000000000000e+00   3.9999999999999991e-01 10 -1 #xyz tv2 fid bid
          -1.1585769884020081e-16   6.1653356481481492e+00   1.0007407407407407e+00 #xyz tv0
          -3.3384004889497105e-16   6.2500000000000000e+00  -2.6020852139652097e-16 #xyz tv1
          -2.3124493043455087e-16   5.8750000000000000e+00   3.9999999999999991e-01 80 -1 #xyz tv2 fid bid
          -2.3124493043455087e-16   5.8750000000000000e+00   3.9999999999999991e-01 #xyz ev0
          -3.3384004889497105e-16   6.2500000000000000e+00  -2.6020852139652097e-16 -1 94 #xyz ev1 fid bid
   0   0.000000000000e+00   0.000000000000e+00   0.000000000000e+00 #flag location
END_ERR 
G3dErrFileVersion 2018P3.1
FlagFileMetaData Begin
   Mesh Size - Setup1, Refinement, Pass #3, Freq. 5.000000e+09 :Title    
   Listing of mesh elements with small segments. :ToolTip  
   hf3d :Author   
   1701695569 :TimeStamp
FlagFileMetaData End
BEGIN_ERR 
26 Small mesh segment detected on body : Radiation_box
 Small mesh segment detected on body : Radiation_box 
 Segment Statistics - Number of Segments : 1 --- Segment length(s) : 0.615165mm. The cutoff frequency for S-Matrix Only Solve is 2.93914174509804MHz 
3 -1  10  80  # nfids, fids[]
2 94  -1  # nbids, bids[]
      5 4 1 0 #ntets ntri ned npts
          -2.2583647208777164e-16   5.8075605227623459e+00   4.8339506172839497e-01 #xyz tv0
          -7.0000000000000009e+00   5.9645833333333336e+00   8.7082998770254638e-01 #xyz tv1
          -1.1561828635208280e-16   6.1267271407292672e+00   1.0092855509830820e+00 #xyz tv2
          -7.6250000000000018e+00  -5.0000000000000000e-01   2.7000000000000002e+00 -1 94 #xyz tv3 fid bid
          -2.2583647208777164e-16   5.8075605227623459e+00   4.8339506172839497e-01 #xyz tv0
          -1.1561828635208280e-16   6.1267271407292672e+00   1.0092855509830820e+00 #xyz tv1
          -7.0000000000000009e+00   5.9645833333333336e+00   8.7082998770254638e-01 #xyz tv2
          -3.3384004889497105e-16   6.2500000000000000e+00  -2.6020852139652097e-16 -1 94 #xyz tv3 fid bid
          -1.1561828635208280e-16   6.1267271407292672e+00   1.0092855509830820e+00 #xyz tv0
          -2.2583647208777164e-16   5.8075605227623459e+00   4.8339506172839497e-01 #xyz tv1
          -7.6250000000000018e+00  -5.0000000000000000e-01   2.7000000000000002e+00 #xyz tv2
           0.0000000000000000e+00   5.1898345947265652e+00   1.6000000000000001e+00 -1 94 #xyz tv3 fid bid
          -2.2583647208777164e-16   5.8075605227623459e+00   4.8339506172839497e-01 #xyz tv0
          -3.3384004889497105e-16   6.2500000000000000e+00  -2.6020852139652097e-16 #xyz tv1
           1.3435363769531250e+00   6.5000000000000044e+00   1.6000000000000001e+00 #xyz tv2
          -1.1561828635208280e-16   6.1267271407292672e+00   1.0092855509830820e+00 -1 94 #xyz tv3 fid bid
           0.0000000000000000e+00   5.1898345947265652e+00   1.6000000000000001e+00 #xyz tv0
          -2.2583647208777164e-16   5.8075605227623459e+00   4.8339506172839497e-01 #xyz tv1
           1.3435363769531250e+00   6.5000000000000044e+00   1.6000000000000001e+00 #xyz tv2
          -1.1561828635208280e-16   6.1267271407292672e+00   1.0092855509830820e+00 -1 94 #xyz tv3 fid bid
           0.0000000000000000e+00   5.1898345947265652e+00   1.6000000000000001e+00 #xyz tv0
          -1.1561828635208280e-16   6.1267271407292672e+00   1.0092855509830820e+00 #xyz tv1
          -2.2583647208777164e-16   5.8075605227623459e+00   4.8339506172839497e-01 10 -1 #xyz tv2 fid bid
           0.0000000000000000e+00   5.1898345947265652e+00   1.6000000000000001e+00 #xyz tv0
          -1.1561828635208280e-16   6.1267271407292672e+00   1.0092855509830820e+00 #xyz tv1
          -2.2583647208777164e-16   5.8075605227623459e+00   4.8339506172839497e-01 80 -1 #xyz tv2 fid bid
          -1.1561828635208280e-16   6.1267271407292672e+00   1.0092855509830820e+00 #xyz tv0
          -3.3384004889497105e-16   6.2500000000000000e+00  -2.6020852139652097e-16 #xyz tv1
          -2.2583647208777164e-16   5.8075605227623459e+00   4.8339506172839497e-01 10 -1 #xyz tv2 fid bid
          -1.1561828635208280e-16   6.1267271407292672e+00   1.0092855509830820e+00 #xyz tv0
          -3.3384004889497105e-16   6.2500000000000000e+00  -2.6020852139652097e-16 #xyz tv1
          -2.2583647208777164e-16   5.8075605227623459e+00   4.8339506172839497e-01 80 -1 #xyz tv2 fid bid
          -1.1561828635208280e-16   6.1267271407292672e+00   1.0092855509830820e+00 #xyz ev0
          -2.2583647208777164e-16   5.8075605227623459e+00   4.8339506172839497e-01 -1 94 #xyz ev1 fid bid
   0   0.000000000000e+00   0.000000000000e+00   0.000000000000e+00 #flag location
END_ERR 
G3dErrFileVersion 2018P3.1
FlagFileMetaData Begin
   Mesh Size - Setup1, Refinement, Pass #4, Freq. 5.000000e+09 :Title    
   Listing of mesh elements with small segments. :ToolTip  
   hf3d :Author   
   1701695571 :TimeStamp
FlagFileMetaData End
BEGIN_ERR 
26 Small mesh segment detected on body : Radiation_box
 Small mesh segment detected on body : Radiation_box 
 Segment Statistics - Number of Segments : 1 --- Segment length(s) : 0.592296mm. The cutoff frequency for S-Matrix Only Solve is 2.93914174509804MHz 
3 -1  10  80  # nfids, fids[]
2 94  -1  # nbids, bids[]
      5 4 1 0 #ntets ntri ned npts
          -2.2221088214924232e-16   5.7522538264628835e+00   5.3970383706752012e-01 #xyz tv0
          -7.0000000000000009e+00   5.9645833333333336e+00   8.7082998770254638e-01 #xyz tv1
          -1.1517617802972210e-16   6.1012001619451146e+00   1.0182970199184860e+00 #xyz tv2
          -7.6250000000000018e+00  -5.0000000000000000e-01   2.7000000000000002e+00 -1 94 #xyz tv3 fid bid
          -2.2221088214924232e-16   5.7522538264628835e+00   5.3970383706752012e-01 #xyz tv0
          -1.1517617802972210e-16   6.1012001619451146e+00   1.0182970199184860e+00 #xyz tv1
          -7.0000000000000009e+00   5.9645833333333336e+00   8.7082998770254638e-01 #xyz tv2
          -3.3384004889497105e-16   6.2500000000000000e+00  -2.6020852139652097e-16 -1 94 #xyz tv3 fid bid
          -1.1517617802972210e-16   6.1012001619451146e+00   1.0182970199184860e+00 #xyz tv0
          -2.2221088214924232e-16   5.7522538264628835e+00   5.3970383706752012e-01 #xyz tv1
          -7.6250000000000018e+00  -5.0000000000000000e-01   2.7000000000000002e+00 #xyz tv2
           0.0000000000000000e+00   5.1566939353942889e+00   1.6000000000000001e+00 -1 94 #xyz tv3 fid bid
          -2.2221088214924232e-16   5.7522538264628835e+00   5.3970383706752012e-01 #xyz tv0
          -3.3384004889497105e-16   6.2500000000000000e+00  -2.6020852139652097e-16 #xyz tv1
           1.3435363769531250e+00   6.5000000000000053e+00   1.6000000000000001e+00 #xyz tv2
          -1.1517617802972210e-16   6.1012001619451146e+00   1.0182970199184860e+00 -1 94 #xyz tv3 fid bid
           0.0000000000000000e+00   5.1566939353942889e+00   1.6000000000000001e+00 #xyz tv0
          -2.2221088214924232e-16   5.7522538264628835e+00   5.3970383706752012e-01 #xyz tv1
           1.3435363769531250e+00   6.5000000000000053e+00   1.6000000000000001e+00 #xyz tv2
          -1.1517617802972210e-16   6.1012001619451146e+00   1.0182970199184860e+00 -1 94 #xyz tv3 fid bid
           0.0000000000000000e+00   5.1566939353942889e+00   1.6000000000000001e+00 #xyz tv0
          -1.1517617802972210e-16   6.1012001619451146e+00   1.0182970199184860e+00 #xyz tv1
          -2.2221088214924232e-16   5.7522538264628835e+00   5.3970383706752012e-01 10 -1 #xyz tv2 fid bid
           0.0000000000000000e+00   5.1566939353942889e+00   1.6000000000000001e+00 #xyz tv0
          -1.1517617802972210e-16   6.1012001619451146e+00   1.0182970199184860e+00 #xyz tv1
          -2.2221088214924232e-16   5.7522538264628835e+00   5.3970383706752012e-01 80 -1 #xyz tv2 fid bid
          -1.1517617802972210e-16   6.1012001619451146e+00   1.0182970199184860e+00 #xyz tv0
          -3.3384004889497105e-16   6.2500000000000000e+00  -2.6020852139652097e-16 #xyz tv1
          -2.2221088214924232e-16   5.7522538264628835e+00   5.3970383706752012e-01 10 -1 #xyz tv2 fid bid
          -1.1517617802972210e-16   6.1012001619451146e+00   1.0182970199184860e+00 #xyz tv0
          -3.3384004889497105e-16   6.2500000000000000e+00  -2.6020852139652097e-16 #xyz tv1
          -2.2221088214924232e-16   5.7522538264628835e+00   5.3970383706752012e-01 80 -1 #xyz tv2 fid bid
          -1.1517617802972210e-16   6.1012001619451146e+00   1.0182970199184860e+00 #xyz ev0
          -2.2221088214924232e-16   5.7522538264628835e+00   5.3970383706752012e-01 -1 94 #xyz ev1 fid bid
   0   0.000000000000e+00   0.000000000000e+00   0.000000000000e+00 #flag location
END_ERR 
G3dErrFileVersion 2018P3.1
FlagFileMetaData Begin
   Mesh Size - Setup1, Refinement, Pass #5, Freq. 5.000000e+09 :Title    
   Listing of mesh elements with small segments. :ToolTip  
   hf3d :Author   
   1701695574 :TimeStamp
FlagFileMetaData End
BEGIN_ERR 
26 Small mesh segment detected on body : Radiation_box
 Small mesh segment detected on body : Radiation_box 
 Segment Statistics - Number of Segments : 1 --- Segment length(s) : 0.592296mm. The cutoff frequency for S-Matrix Only Solve is 2.93914174509804MHz 
3 -1  10  80  # nfids, fids[]
2 94  -1  # nbids, bids[]
      4 4 1 0 #ntets ntri ned npts
          -2.2221088214924232e-16   5.7522538264628835e+00   5.3970383706752012e-01 #xyz tv0
           0.0000000000000000e+00   5.1566939353942889e+00   1.6000000000000001e+00 #xyz tv1
          -7.0000000000000009e+00   5.9645833333333336e+00   8.7082998770254638e-01 #xyz tv2
          -1.1517617802972210e-16   6.1012001619451146e+00   1.0182970199184860e+00 -1 94 #xyz tv3 fid bid
          -2.2221088214924232e-16   5.7522538264628835e+00   5.3970383706752012e-01 #xyz tv0
          -1.1517617802972210e-16   6.1012001619451146e+00   1.0182970199184860e+00 #xyz tv1
          -7.0000000000000009e+00   5.9645833333333336e+00   8.7082998770254638e-01 #xyz tv2
          -3.3384004889497105e-16   6.2500000000000000e+00  -2.6020852139652097e-16 -1 94 #xyz tv3 fid bid
           0.0000000000000000e+00   5.1566939353942889e+00   1.6000000000000001e+00 #xyz tv0
          -2.2221088214924232e-16   5.7522538264628835e+00   5.3970383706752012e-01 #xyz tv1
           1.3435363769531250e+00   6.5000000000000053e+00   1.6000000000000001e+00 #xyz tv2
          -1.1517617802972210e-16   6.1012001619451146e+00   1.0182970199184860e+00 -1 94 #xyz tv3 fid bid
          -2.2221088214924232e-16   5.7522538264628835e+00   5.3970383706752012e-01 #xyz tv0
          -3.3384004889497105e-16   6.2500000000000000e+00  -2.6020852139652097e-16 #xyz tv1
