G3dErrFileVersion 2018P3.1
FlagFileMetaData Begin
   Mesh Size - Setup1, Refinement, Pass #1, Freq. 5.000000e+09 :Title    
   Listing of mesh elements with small segments. :ToolTip  
   hf3d :Author   
   1701685733 :TimeStamp
FlagFileMetaData End
BEGIN_ERR 
26 Small mesh segment detected on body : Radiation_box
 Small mesh segment detected on body : Radiation_box 
 Segment Statistics - Number of Segments : 1 --- Segment length(s) : 0.400000mm. The cutoff frequency for S-Matrix Only Solve is 7.13791566666667MHz 
3 -1  143  199  # nfids, fids[]
2 201  -1  # nbids, bids[]
      4 4 1 0 #ntets ntri ned npts
           2.0000000000000000e+01   6.0000000000000000e+00   8.0000000000000049e-01 #xyz tv0
           2.0000000000000000e+01   6.5000000000000009e+00   4.0000000000000102e-01 #xyz tv1
           2.5114092097007166e+01   3.8721137242996795e+00   8.4728731813247182e-01 #xyz tv2
           2.0000000000000000e+01   6.5000000000000009e+00   8.0000000000000049e-01 -1 201 #xyz tv3 fid bid
           2.0000000000000000e+01   6.5000000000000009e+00   4.0000000000000102e-01 #xyz tv0
           2.0000000000000000e+01   7.0000000000000009e+00   8.8817841970012484e-16 #xyz tv1
           2.5114092097007166e+01   3.8721137242996795e+00   8.4728731813247182e-01 #xyz tv2
           2.0000000000000000e+01   6.5000000000000009e+00   8.0000000000000049e-01 -1 201 #xyz tv3 fid bid
           1.5000000000000000e+01   7.0000000000000009e+00   8.8817841970012484e-16 #xyz tv0
           2.0000000000000000e+01   6.5000000000000009e+00   4.0000000000000102e-01 #xyz tv1
           2.0000000000000000e+01   6.0000000000000000e+00   8.0000000000000049e-01 #xyz tv2
           2.0000000000000000e+01   6.5000000000000009e+00   8.0000000000000049e-01 -1 201 #xyz tv3 fid bid
           2.0000000000000000e+01   6.5000000000000009e+00   4.0000000000000102e-01 #xyz tv0
           1.5000000000000000e+01   7.0000000000000009e+00   8.8817841970012484e-16 #xyz tv1
           2.0000000000000000e+01   7.0000000000000009e+00   8.8817841970012484e-16 #xyz tv2
           2.0000000000000000e+01   6.5000000000000009e+00   8.0000000000000049e-01 -1 201 #xyz tv3 fid bid
           2.0000000000000000e+01   6.5000000000000009e+00   4.0000000000000102e-01 #xyz tv0
           2.0000000000000000e+01   7.0000000000000009e+00   8.8817841970012484e-16 #xyz tv1
           2.0000000000000000e+01   6.5000000000000009e+00   8.0000000000000049e-01 143 -1 #xyz tv2 fid bid
           2.0000000000000000e+01   6.5000000000000009e+00   4.0000000000000102e-01 #xyz tv0
           2.0000000000000000e+01   7.0000000000000009e+00   8.8817841970012484e-16 #xyz tv1
           2.0000000000000000e+01   6.5000000000000009e+00   8.0000000000000049e-01 199 -1 #xyz tv2 fid bid
           2.0000000000000000e+01   6.0000000000000000e+00   8.0000000000000049e-01 #xyz tv0
           2.0000000000000000e+01   6.5000000000000009e+00   4.0000000000000102e-01 #xyz tv1
           2.0000000000000000e+01   6.5000000000000009e+00   8.0000000000000049e-01 143 -1 #xyz tv2 fid bid
           2.0000000000000000e+01   6.0000000000000000e+00   8.0000000000000049e-01 #xyz tv0
           2.0000000000000000e+01   6.5000000000000009e+00   4.0000000000000102e-01 #xyz tv1
           2.0000000000000000e+01   6.5000000000000009e+00   8.0000000000000049e-01 199 -1 #xyz tv2 fid bid
           2.0000000000000000e+01   6.5000000000000009e+00   8.0000000000000049e-01 #xyz ev0
           2.0000000000000000e+01   6.5000000000000009e+00   4.0000000000000102e-01 -1 201 #xyz ev1 fid bid
   0   0.000000000000e+00   0.000000000000e+00   0.000000000000e+00 #flag location
END_ERR 
G3dErrFileVersion 2018P3.1
FlagFileMetaData Begin
   Mesh Size - Setup1, Refinement, Pass #2, Freq. 5.000000e+09 :Title    
   Listing of mesh elements with small segments. :ToolTip  
   hf3d :Author   
   1701685735 :TimeStamp
FlagFileMetaData End
BEGIN_ERR 
26 Small mesh segment detected on body : Radiation_box
 Small mesh segment detected on body : Radiation_box 
 Segment Statistics - Number of Segments : 1 --- Segment length(s) : 0.423833mm. The cutoff frequency for S-Matrix Only Solve is 7.13791566666667MHz 
3 -1  143  199  # nfids, fids[]
2 201  -1  # nbids, bids[]
      4 4 1 0 #ntets ntri ned npts
           2.0000000000000000e+01   6.0930841335162320e+00   8.0000000000000049e-01 #xyz tv0
           2.0000000000000000e+01   6.4371352605463272e+00   4.0000000000000080e-01 #xyz tv1
           2.3101756210949240e+01   5.0741416689303893e+00   1.0111273049410410e+00 #xyz tv2
           2.0000000000000000e+01   6.5772585197604263e+00   8.0000000000000049e-01 -1 201 #xyz tv3 fid bid
           2.0000000000000000e+01   6.0930841335162320e+00   8.0000000000000049e-01 #xyz tv0
           1.7500000000000000e+01   7.7500000000000000e+00   8.0000000000000049e-01 #xyz tv1
           2.0000000000000000e+01   6.4371352605463272e+00   4.0000000000000080e-01 #xyz tv2
           2.0000000000000000e+01   6.5772585197604263e+00   8.0000000000000049e-01 -1 201 #xyz tv3 fid bid
           2.0000000000000000e+01   6.4371352605463272e+00   4.0000000000000080e-01 #xyz tv0
           2.0000000000000000e+01   7.0000000000000009e+00   8.8817841970012484e-16 #xyz tv1
           2.3101756210949240e+01   5.0741416689303893e+00   1.0111273049410410e+00 #xyz tv2
           2.0000000000000000e+01   6.5772585197604263e+00   8.0000000000000049e-01 -1 201 #xyz tv3 fid bid
           1.7500000000000000e+01   7.7500000000000000e+00   8.0000000000000049e-01 #xyz tv0
           2.0000000000000000e+01   7.0000000000000009e+00   8.8817841970012484e-16 #xyz tv1
           2.0000000000000000e+01   6.4371352605463272e+00   4.0000000000000080e-01 #xyz tv2
           2.0000000000000000e+01   6.5772585197604263e+00   8.0000000000000049e-01 -1 201 #xyz tv3 fid bid
           2.0000000000000000e+01   6.4371352605463272e+00   4.0000000000000080e-01 #xyz tv0
           2.0000000000000000e+01   7.0000000000000009e+00   8.8817841970012484e-16 #xyz tv1
           2.0000000000000000e+01   6.5772585197604263e+00   8.0000000000000049e-01 143 -1 #xyz tv2 fid bid
           2.0000000000000000e+01   6.4371352605463272e+00   4.0000000000000080e-01 #xyz tv0
           2.0000000000000000e+01   7.0000000000000009e+00   8.8817841970012484e-16 #xyz tv1
           2.0000000000000000e+01   6.5772585197604263e+00   8.0000000000000049e-01 199 -1 #xyz tv2 fid bid
           2.0000000000000000e+01   6.0930841335162320e+00   8.0000000000000049e-01 #xyz tv0
           2.0000000000000000e+01   6.4371352605463272e+00   4.0000000000000080e-01 #xyz tv1
           2.0000000000000000e+01   6.5772585197604263e+00   8.0000000000000049e-01 143 -1 #xyz tv2 fid bid
           2.0000000000000000e+01   6.0930841335162320e+00   8.0000000000000049e-01 #xyz tv0
           2.0000000000000000e+01   6.4371352605463272e+00   4.0000000000000080e-01 #xyz tv1
           2.0000000000000000e+01   6.5772585197604263e+00   8.0000000000000049e-01 199 -1 #xyz tv2 fid bid
           2.0000000000000000e+01   6.5772585197604263e+00   8.0000000000000049e-01 #xyz ev0
           2.0000000000000000e+01   6.4371352605463272e+00   4.0000000000000080e-01 -1 201 #xyz ev1 fid bid
   0   0.000000000000e+00   0.000000000000e+00   0.000000000000e+00 #flag location
END_ERR 
G3dErrFileVersion 2018P3.1
FlagFileMetaData Begin
   Mesh Size - Setup1, Refinement, Pass #3, Freq. 5.000000e+09 :Title    
   Listing of mesh elements with small segments. :ToolTip  
   hf3d :Author   
   1701685738 :TimeStamp
FlagFileMetaData End
BEGIN_ERR 
26 Small mesh segment detected on body : Radiation_box
 Small mesh segment detected on body : Radiation_box 
 Segment Statistics - Number of Segments : 1 --- Segment length(s) : 0.426552mm. The cutoff frequency for S-Matrix Only Solve is 7.13791566666667MHz 
3 -1  143  199  # nfids, fids[]
2 201  -1  # nbids, bids[]
      4 4 1 0 #ntets ntri ned npts
           2.0000000000000000e+01   6.0930841335162320e+00   8.0000000000000049e-01 #xyz tv0
           2.0000000000000000e+01   6.4371352605463272e+00   4.0000000000000085e-01 #xyz tv1
           2.3019264857929542e+01   5.1908578841158519e+00   9.4064144939353989e-01 #xyz tv2
           2.0000000000000000e+01   6.5852793414839894e+00   8.0000000000000049e-01 -1 201 #xyz tv3 fid bid
           2.0000000000000000e+01   6.0930841335162320e+00   8.0000000000000049e-01 #xyz tv0
           1.7500000000000000e+01   7.7500000000000000e+00   8.0000000000000049e-01 #xyz tv1
           2.0000000000000000e+01   6.4371352605463272e+00   4.0000000000000085e-01 #xyz tv2
           2.0000000000000000e+01   6.5852793414839894e+00   8.0000000000000049e-01 -1 201 #xyz tv3 fid bid
           2.0000000000000000e+01   6.4371352605463272e+00   4.0000000000000085e-01 #xyz tv0
           2.0000000000000000e+01   7.0000000000000009e+00   8.8817841970012484e-16 #xyz tv1
           2.3019264857929542e+01   5.1908578841158519e+00   9.4064144939353989e-01 #xyz tv2
           2.0000000000000000e+01   6.5852793414839894e+00   8.0000000000000049e-01 -1 201 #xyz tv3 fid bid
           1.7500000000000000e+01   7.7500000000000000e+00   8.0000000000000049e-01 #xyz tv0
           2.0000000000000000e+01   7.0000000000000009e+00   8.8817841970012484e-16 #xyz tv1
           2.0000000000000000e+01   6.4371352605463272e+00   4.0000000000000085e-01 #xyz tv2
           2.0000000000000000e+01   6.5852793414839894e+00   8.0000000000000049e-01 -1 201 #xyz tv3 fid bid
           2.0000000000000000e+01   6.4371352605463272e+00   4.0000000000000085e-01 #xyz tv0
           2.0000000000000000e+01   7.0000000000000009e+00   8.8817841970012484e-16 #xyz tv1
           2.0000000000000000e+01   6.5852793414839894e+00   8.0000000000000049e-01 143 -1 #xyz tv2 fid bid
           2.0000000000000000e+01   6.4371352605463272e+00   4.0000000000000085e-01 #xyz tv0
           2.0000000000000000e+01   7.0000000000000009e+00   8.8817841970012484e-16 #xyz tv1
           2.0000000000000000e+01   6.5852793414839894e+00   8.0000000000000049e-01 199 -1 #xyz tv2 fid bid
           2.0000000000000000e+01   6.0930841335162320e+00   8.0000000000000049e-01 #xyz tv0
           2.0000000000000000e+01   6.4371352605463272e+00   4.0000000000000085e-01 #xyz tv1
           2.0000000000000000e+01   6.5852793414839894e+00   8.0000000000000049e-01 143 -1 #xyz tv2 fid bid
           2.0000000000000000e+01   6.0930841335162320e+00   8.0000000000000049e-01 #xyz tv0
           2.0000000000000000e+01   6.4371352605463272e+00   4.0000000000000085e-01 #xyz tv1
           2.0000000000000000e+01   6.5852793414839894e+00   8.0000000000000049e-01 199 -1 #xyz tv2 fid bid
           2.0000000000000000e+01   6.5852793414839894e+00   8.0000000000000049e-01 #xyz ev0
           2.0000000000000000e+01   6.4371352605463272e+00   4.0000000000000085e-01 -1 201 #xyz ev1 fid bid
   0   0.000000000000e+00   0.000000000000e+00   0.000000000000e+00 #flag location
END_ERR 
G3dErrFileVersion 2018P3.1
FlagFileMetaData Begin
   Mesh Size - Setup1, Refinement, Pass #1, Freq. 5.000000e+09 :Title    
   Listing of mesh elements with small segments. :ToolTip  
   hf3d :Author   
   1701754285 :TimeStamp
FlagFileMetaData End
BEGIN_ERR 
26 Small mesh segment detected on body : Radiation_box
 Small mesh segment detected on body : Radiation_box 
 Segment Statistics - Number of Segments : 1 --- Segment length(s) : 0.400000mm. The cutoff frequency for S-Matrix Only Solve is 7.13791566666667MHz 
3 -1  141  187  # nfids, fids[]
2 201  -1  # nbids, bids[]
      4 3 1 0 #ntets ntri ned npts
          -5.0000000000000000e+00   2.2000000000000000e+01   4.0000000000000000e+00 #xyz tv0
           3.7357917180360188e-16   7.0000000000000009e+00   8.0000000000000049e-01 #xyz tv1
           2.3714004313361430e-16   6.4228515625000000e+00   8.0000000000000049e-01 #xyz tv2
           4.3790407779066727e-16   7.0000000000000009e+00   1.2000000000000002e+00 -1 201 #xyz tv3 fid bid
           3.7357917180360188e-16   7.0000000000000009e+00   8.0000000000000049e-01 #xyz tv0
           5.0000000000000000e+00   1.0000000000000000e+01   1.6000000000000001e+00 #xyz tv1
           2.3714004313361430e-16   6.4228515625000000e+00   8.0000000000000049e-01 #xyz tv2
           4.3790407779066727e-16   7.0000000000000009e+00   1.2000000000000002e+00 -1 201 #xyz tv3 fid bid
          -5.0000000000000000e+00   2.2000000000000000e+01   4.0000000000000000e+00 #xyz tv0
           0.0000000000000000e+00   1.0000000000000000e+01   1.6000000000000001e+00 #xyz tv1
           3.7357917180360188e-16   7.0000000000000009e+00   8.0000000000000049e-01 #xyz tv2
           4.3790407779066727e-16   7.0000000000000009e+00   1.2000000000000002e+00 -1 201 #xyz tv3 fid bid
           0.0000000000000000e+00   1.0000000000000000e+01   1.6000000000000001e+00 #xyz tv0
           5.0000000000000000e+00   1.0000000000000000e+01   1.6000000000000001e+00 #xyz tv1
           3.7357917180360188e-16   7.0000000000000009e+00   8.0000000000000049e-01 #xyz tv2
           4.3790407779066727e-16   7.0000000000000009e+00   1.2000000000000002e+00 -1 201 #xyz tv3 fid bid
           3.7357917180360188e-16   7.0000000000000009e+00   8.0000000000000049e-01 #xyz tv0
           4.3790407779066727e-16   7.0000000000000009e+00   1.2000000000000002e+00 #xyz tv1
           0.0000000000000000e+00   1.0000000000000000e+01   1.6000000000000001e+00 141 -1 #xyz tv2 fid bid
           4.3790407779066727e-16   7.0000000000000009e+00   1.2000000000000002e+00 #xyz tv0
           3.7357917180360188e-16   7.0000000000000009e+00   8.0000000000000049e-01 #xyz tv1
           2.3714004313361430e-16   6.4228515625000000e+00   8.0000000000000049e-01 141 -1 #xyz tv2 fid bid
           4.3790407779066727e-16   7.0000000000000009e+00   1.2000000000000002e+00 #xyz tv0
           3.7357917180360188e-16   7.0000000000000009e+00   8.0000000000000049e-01 #xyz tv1
           2.3714004313361430e-16   6.4228515625000000e+00   8.0000000000000049e-01 187 -1 #xyz tv2 fid bid
           3.7357917180360188e-16   7.0000000000000009e+00   8.0000000000000049e-01 #xyz ev0
           4.3790407779066727e-16   7.0000000000000009e+00   1.2000000000000002e+00 -1 201 #xyz ev1 fid bid
   0   0.000000000000e+00   0.000000000000e+00   0.000000000000e+00 #flag location
END_ERR 
G3dErrFileVersion 2018P3.1
FlagFileMetaData Begin
   Mesh Size - Setup1, Refinement, Pass #2, Freq. 5.000000e+09 :Title    
   Listing of mesh elements with small segments. :ToolTip  
   hf3d :Author   
   1701754288 :TimeStamp
FlagFileMetaData End
BEGIN_ERR 
26 Small mesh segment detected on body : Radiation_box
 Small mesh segment detected on body : Radiation_box 
 Segment Statistics - Number of Segments : 1 --- Segment length(s) : 0.400000mm. The cutoff frequency for S-Matrix Only Solve is 7.13791566666667MHz 
3 -1  141  187  # nfids, fids[]
2 201  -1  # nbids, bids[]
      5 3 1 0 #ntets ntri ned npts
          -5.0000000000000000e+00   6.0000000000000000e+00   4.0000000000000000e+00 #xyz tv0
           4.3790407779066727e-16   7.0000000000000009e+00   1.2000000000000002e+00 #xyz tv1
           2.3714004313361430e-16   6.4228515625000000e+00   8.0000000000000049e-01 #xyz tv2
           5.0222898377773286e-16   7.0000000000000009e+00   1.6000000000000001e+00 -1 201 #xyz tv3 fid bid
           5.0222898377773286e-16   7.0000000000000009e+00   1.6000000000000001e+00 #xyz tv0
           4.3790407779066727e-16   7.0000000000000009e+00   1.2000000000000002e+00 #xyz tv1
          -5.0000000000000000e+00   2.2000000000000000e+01   4.0000000000000000e+00 #xyz tv2
          -5.0000000000000000e+00   6.0000000000000000e+00   4.0000000000000000e+00 -1 201 #xyz tv3 fid bid
           2.3714004313361430e-16   6.4228515625000000e+00   8.0000000000000049e-01 #xyz tv0
           4.3750000000000000e+00   6.7050781250000009e+00   1.6000000000000001e+00 #xyz tv1
           5.0222898377773286e-16   7.0000000000000009e+00   1.6000000000000001e+00 #xyz tv2
           4.3790407779066727e-16   7.0000000000000009e+00   1.2000000000000002e+00 -1 201 #xyz tv3 fid bid
           5.0222898377773286e-16   7.0000000000000009e+00   1.6000000000000001e+00 #xyz tv0
          -5.0000000000000000e+00   2.2000000000000000e+01   4.0000000000000000e+00 #xyz tv1
           4.3790407779066727e-16   7.0000000000000009e+00   1.2000000000000002e+00 #xyz tv2
           0.0000000000000000e+00   1.0000000000000000e+01   1.6000000000000001e+00 -1 201 #xyz tv3 fid bid
           0.0000000000000000e+00   1.0000000000000000e+01   1.6000000000000001e+00 #xyz tv0
           4.3750000000000000e+00   6.7050781250000009e+00   1.6000000000000001e+00 #xyz tv1
           4.3790407779066727e-16   7.0000000000000009e+00   1.2000000000000002e+00 #xyz tv2
           5.0222898377773286e-16   7.0000000000000009e+00   1.6000000000000001e+00 -1 201 #xyz tv3 fid bid
           0.0000000000000000e+00   1.0000000000000000e+01   1.6000000000000001e+00 #xyz tv0
           4.3790407779066727e-16   7.0000000000000009e+00   1.2000000000000002e+00 #xyz tv1
           5.0222898377773286e-16   7.0000000000000009e+00   1.6000000000000001e+00 141 -1 #xyz tv2 fid bid
           4.3790407779066727e-16   7.0000000000000009e+00   1.2000000000000002e+00 #xyz tv0
           2.3714004313361430e-16   6.4228515625000000e+00   8.0000000000000049e-01 #xyz tv1
           5.0222898377773286e-16   7.0000000000000009e+00   1.6000000000000001e+00 141 -1 #xyz tv2 fid bid
           4.3790407779066727e-16   7.0000000000000009e+00   1.2000000000000002e+00 #xyz tv0
           2.3714004313361430e-16   6.4228515625000000e+00   8.0000000000000049e-01 #xyz tv1
           5.0222898377773286e-16   7.0000000000000009e+00   1.6000000000000001e+00 187 -1 #xyz tv2 fid bid
           4.3790407779066727e-16   7.0000000000000009e+00   1.2000000000000002e+00 #xyz ev0
           5.0222898377773286e-16   7.0000000000000009e+00   1.6000000000000001e+00 -1 201 #xyz ev1 fid bid
   0   0.000000000000e+00   0.000000000000e+00   0.000000000000e+00 #flag location
END_ERR 
G3dErrFileVersion 2018P3.1
FlagFileMetaData Begin
   Mesh Size - Setup1, Refinement, Pass #3, Freq. 5.000000e+09 :Title    
   Listing of mesh elements with small segments. :ToolTip  
   hf3d :Author   
   1701754290 :TimeStamp
FlagFileMetaData End
BEGIN_ERR 
26 Small mesh segment detected on body : Substrate
 Small mesh segment detected on body : Substrate 
 Segment Statistics - Number of Segments : 1 --- Segment length(s) : 0.350000mm. The cutoff frequency for S-Matrix Only Solve is 7.13791566666667MHz 
1 -1  # nfids, fids[]
1 137  # nbids, bids[]
      5 0 1 0 #ntets ntri ned npts
           4.3750000000000000e+00   6.7050781250000018e+00   1.6000000000000001e+00 #xyz tv0
           2.5000000000000000e+00   8.5000000000000000e+00   4.4408920985006242e-16 #xyz tv1
           2.5000000000000000e+00   8.5000000000000000e+00   3.5000000000000026e-01 #xyz tv2
           2.3714004313361430e-16   6.4228515625000000e+00   8.0000000000000049e-01 -1 137 #xyz tv3 fid bid
           4.3750000000000000e+00   6.7050781250000018e+00   1.6000000000000001e+00 #xyz tv0
           2.5000000000000000e+00   8.5000000000000000e+00   3.5000000000000026e-01 #xyz tv1
           2.5000000000000000e+00   8.5000000000000000e+00   4.4408920985006242e-16 #xyz tv2
           5.0000000000000000e+00   1.0000000000000000e+01   0.0000000000000000e+00 -1 137 #xyz tv3 fid bid
           2.5000000000000000e+00   8.5000000000000000e+00   3.5000000000000026e-01 #xyz tv0
           2.3714004313361430e-16   6.4228515625000000e+00   8.0000000000000049e-01 #xyz tv1
           2.5000000000000000e+00   8.5000000000000000e+00   4.4408920985006242e-16 #xyz tv2
           3.4392941045018897e-16   7.0000000000000009e+00   6.1562500000000053e-01 -1 137 #xyz tv3 fid bid
           2.5000000000000000e+00   8.5000000000000000e+00   3.5000000000000026e-01 #xyz tv0
           0.0000000000000000e+00   1.0000000000000000e+01   1.6000000000000001e+00 #xyz tv1
           2.5000000000000000e+00   8.5000000000000000e+00   4.4408920985006242e-16 #xyz tv2
           5.0000000000000000e+00   1.0000000000000000e+01   0.0000000000000000e+00 -1 137 #xyz tv3 fid bid
           2.5000000000000000e+00   8.5000000000000000e+00   3.5000000000000026e-01 #xyz tv0
           2.5000000000000000e+00   8.5000000000000000e+00   4.4408920985006242e-16 #xyz tv1
           0.0000000000000000e+00   1.0000000000000000e+01   1.6000000000000001e+00 #xyz tv2
           3.4392941045018897e-16   7.0000000000000009e+00   6.1562500000000053e-01 -1 137 #xyz tv3 fid bid
           2.5000000000000000e+00   8.5000000000000000e+00   3.5000000000000026e-01 #xyz ev0
           2.5000000000000000e+00   8.5000000000000000e+00   4.4408920985006242e-16 -1 137 #xyz ev1 fid bid
   0   0.000000000000e+00   0.000000000000e+00   0.000000000000e+00 #flag location
END_ERR 
G3dErrFileVersion 2018P3.1
FlagFileMetaData Begin
   Mesh Size - Setup1, Refinement, Pass #4, Freq. 5.000000e+09 :Title    
   Listing of mesh elements with small segments. :ToolTip  
   hf3d :Author   
   1701754293 :TimeStamp
FlagFileMetaData End
BEGIN_ERR 
26 Small mesh segment detected on body : Substrate
 Small mesh segment detected on body : Substrate 
 Segment Statistics - Number of Segments : 1 --- Segment length(s) : 0.487981mm. The cutoff frequency for S-Matrix Only Solve is 7.13791566666667MHz 
1 -1  # nfids, fids[]
1 137  # nbids, bids[]
      4 0 1 0 #ntets ntri ned npts
           8.1250000000000000e+00   2.7500000000000000e+00   1.2000000000000002e+00 #xyz tv0
           8.9440917968750000e+00   2.5000000000000000e+00   1.6000000000000001e+00 #xyz tv1
           8.0000000000000000e+00   3.0000000000000000e+00   1.6000000000000001e+00 #xyz tv2
           8.7500000000000000e+00   3.0000000000000000e+00   8.0000000000000004e-01 -1 137 #xyz tv3 fid bid
           8.1250000000000000e+00   2.7500000000000000e+00   1.2000000000000002e+00 #xyz tv0
           8.0000000000000000e+00   3.0000000000000000e+00   1.6000000000000001e+00 #xyz tv1
           8.9440917968750000e+00   2.5000000000000000e+00   1.6000000000000001e+00 #xyz tv2
           7.5000000000000000e+00   2.5000000000000000e+00   1.6000000000000001e+00 -1 137 #xyz tv3 fid bid
           8.1250000000000000e+00   2.7500000000000000e+00   1.2000000000000002e+00 #xyz tv0
           8.0000000000000000e+00   3.0000000000000000e+00   1.6000000000000001e+00 #xyz tv1
           7.5000000000000000e+00   3.7500000000000018e+00   8.0000000000000004e-01 #xyz tv2
           8.7500000000000000e+00   3.0000000000000000e+00   8.0000000000000004e-01 -1 137 #xyz tv3 fid bid
           8.1250000000000000e+00   2.7500000000000000e+00   1.2000000000000002e+00 #xyz tv0
           7.5000000000000000e+00   3.7500000000000018e+00   8.0000000000000004e-01 #xyz tv1
           8.0000000000000000e+00   3.0000000000000000e+00   1.6000000000000001e+00 #xyz tv2
           7.5000000000000000e+00   2.5000000000000000e+00   1.6000000000000001e+00 -1 137 #xyz tv3 fid bid
           8.0000000000000000e+00   3.0000000000000000e+00   1.6000000000000001e+00 #xyz ev0
           8.1250000000000000e+00   2.7500000000000000e+00   1.2000000000000002e+00 -1 137 #xyz ev1 fid bid
   0   0.000000000000e+00   0.000000000000e+00   0.000000000000e+00 #flag location
END_ERR 
G3dErrFileVersion 2018P3.1
FlagFileMetaData Begin
   Mesh Size - Setup1, Refinement, Pass #5, Freq. 5.000000e+09 :Title    
   Listing of mesh elements with small segments. :ToolTip  
   hf3d :Author   
   1701754295 :TimeStamp
FlagFileMetaData End
BEGIN_ERR 
26 Small mesh segment detected on body : Radiation_box
 Small mesh segment detected on body : Radiation_box 
 Segment Statistics - Number of Segments : 1 --- Segment length(s) : 0.495669mm. The cutoff frequency for S-Matrix Only Solve is 7.13791566666667MHz 
1 -1  # nfids, fids[]
1 201  # nbids, bids[]
      6 0 1 0 #ntets ntri ned npts
          -7.2113290266435748e-01  -4.9244539413181743e-01  -3.1429697426686531e-01 #xyz tv0
           1.2407662797323116e-01   2.1561153916958284e+00  -2.0000000000000000e+00 #xyz tv1
           7.7037197775489434e-32   3.0000000000000000e+00  -1.2829270608442539e-47 #xyz tv2
          -1.0065434846896930e+00  -5.5937176628734520e-01  -7.1398315594775241e-01 -1 201 #xyz tv3 fid bid
           7.1958545933523727e-17   3.9536132812499996e+00   7.5555555555555554e-01 #xyz tv0
          -7.2113290266435748e-01  -4.9244539413181743e-01  -3.1429697426686531e-01 #xyz tv1
           7.7037197775489434e-32   3.0000000000000000e+00  -1.2829270608442539e-47 #xyz tv2
          -1.0065434846896930e+00  -5.5937176628734520e-01  -7.1398315594775241e-01 -1 201 #xyz tv3 fid bid
           2.0493602523011525e+00  -8.9321888401341143e-02  -2.0000000000000000e+00 #xyz tv0
          -7.2113290266435748e-01  -4.9244539413181743e-01  -3.1429697426686531e-01 #xyz tv1
          -1.0065434846896930e+00  -5.5937176628734520e-01  -7.1398315594775241e-01 #xyz tv2
           1.2407662797323116e-01   2.1561153916958284e+00  -2.0000000000000000e+00 -1 201 #xyz tv3 fid bid
          -5.0000000000000000e+00  -1.0000000000000000e+01  -2.7343750000000389e-03 #xyz tv0
           2.0569491592369111e+00  -1.8014393822239629e+00  -5.2796188331533345e-01 #xyz tv1
          -7.2113290266435748e-01  -4.9244539413181743e-01  -3.1429697426686531e-01 #xyz tv2
          -1.0065434846896930e+00  -5.5937176628734520e-01  -7.1398315594775241e-01 -1 201 #xyz tv3 fid bid
          -5.0000000000000000e+00  -1.0000000000000000e+01  -2.7343750000000389e-03 #xyz tv0
          -7.2113290266435748e-01  -4.9244539413181743e-01  -3.1429697426686531e-01 #xyz tv1
           7.1958545933523727e-17   3.9536132812499996e+00   7.5555555555555554e-01 #xyz tv2
          -1.0065434846896930e+00  -5.5937176628734520e-01  -7.1398315594775241e-01 -1 201 #xyz tv3 fid bid
          -1.0065434846896930e+00  -5.5937176628734520e-01  -7.1398315594775241e-01 #xyz tv0
           2.0493602523011525e+00  -8.9321888401341143e-02  -2.0000000000000000e+00 #xyz tv1
           2.0569491592369111e+00  -1.8014393822239629e+00  -5.2796188331533345e-01 #xyz tv2
          -7.2113290266435748e-01  -4.9244539413181743e-01  -3.1429697426686531e-01 -1 201 #xyz tv3 fid bid
          -7.2113290266435748e-01  -4.9244539413181743e-01  -3.1429697426686531e-01 #xyz ev0
          -1.0065434846896930e+00  -5.5937176628734520e-01  -7.1398315594775241e-01 -1 201 #xyz ev1 fid bid
   0   0.000000000000e+00   0.000000000000e+00   0.000000000000e+00 #flag location
END_ERR 
G3dErrFileVersion 2018P3.1
FlagFileMetaData Begin
   Mesh Size - Setup1, Refinement, Pass #6, Freq. 5.000000e+09 :Title    
   Listing of mesh elements with small segments. :ToolTip  
   hf3d :Author   
   1701754298 :TimeStamp
FlagFileMetaData End
BEGIN_ERR 
26 Small mesh segment detected on body : Substrate
 Small mesh segment detected on body : Substrate 
 Segment Statistics - Number of Segments : 1 --- Segment length(s) : 0.378045mm. The cutoff frequency for S-Matrix Only Solve is 7.13791566666667MHz 
1 -1  # nfids, fids[]
1 137  # nbids, bids[]
      6 0 1 0 #ntets ntri ned npts
           7.7016782280779683e+00   2.6591067290782613e+00   1.3226390728088706e+00 #xyz tv0
           8.2220458984375000e+00   2.5000000000000000e+00   1.6000000000000001e+00 #xyz tv1
           7.3275389327419758e+00   1.7748619645500221e+00   1.1248537543749741e+00 #xyz tv2
           7.5000000000000000e+00   2.5000000000000000e+00   1.6000000000000001e+00 -1 137 #xyz tv3 fid bid
           7.7016782280779683e+00   2.6591067290782613e+00   1.3226390728088706e+00 #xyz tv0
           7.3275389327419758e+00   1.7748619645500221e+00   1.1248537543749741e+00 #xyz tv1
           6.9947493659183042e+00   2.5605044496361273e+00   6.8301381865772082e-01 #xyz tv2
           7.5000000000000000e+00   2.5000000000000000e+00   1.6000000000000001e+00 -1 137 #xyz tv3 fid bid
           7.7016782280779683e+00   2.6591067290782613e+00   1.3226390728088706e+00 #xyz tv0
           8.0000000000000000e+00   3.0000000000000000e+00   1.6000000000000001e+00 #xyz tv1
           8.2220458984375000e+00   2.5000000000000000e+00   1.6000000000000001e+00 #xyz tv2
           7.5000000000000000e+00   2.5000000000000000e+00   1.6000000000000001e+00 -1 137 #xyz tv3 fid bid
           7.5000000000000000e+00   3.0468750000000000e+00   1.6000000000000001e+00 #xyz tv0
           8.0000000000000000e+00   3.0000000000000000e+00   1.6000000000000001e+00 #xyz tv1
           7.7016782280779683e+00   2.6591067290782613e+00   1.3226390728088706e+00 #xyz tv2
           7.5000000000000000e+00   2.5000000000000000e+00   1.6000000000000001e+00 -1 137 #xyz tv3 fid bid
           7.5000000000000000e+00   3.0468750000000000e+00   1.6000000000000001e+00 #xyz tv0
           7.5000000000000000e+00   2.5000000000000000e+00   1.6000000000000001e+00 #xyz tv1
           7.7016782280779683e+00   2.6591067290782613e+00   1.3226390728088706e+00 #xyz tv2
           7.5010333795003490e+00   3.1060767120511543e+00   1.0579554941577951e+00 -1 137 #xyz tv3 fid bid
           7.7016782280779683e+00   2.6591067290782613e+00   1.3226390728088706e+00 #xyz tv0
           6.9947493659183042e+00   2.5605044496361273e+00   6.8301381865772082e-01 #xyz tv1
           7.5010333795003490e+00   3.1060767120511543e+00   1.0579554941577951e+00 #xyz tv2
           7.5000000000000000e+00   2.5000000000000000e+00   1.6000000000000001e+00 -1 137 #xyz tv3 fid bid
           7.5000000000000000e+00   2.5000000000000000e+00   1.6000000000000001e+00 #xyz ev0
           7.7016782280779683e+00   2.6591067290782613e+00   1.3226390728088706e+00 -1 137 #xyz ev1 fid bid
   0   0.000000000000e+00   0.000000000000e+00   0.000000000000e+00 #flag location
END_ERR 
